0.330603 0.133550 289.000000
0.008134 0.074210 289.000000
0.009169 0.070906 289.000000
0.005218 0.066950 289.000000
0.011638 0.078184 867.000000
0.006810 0.074035 867.000000
0.005300 0.073741 867.000000
0.005487 0.068961 867.000000
0.007537 0.076343 867.000000
0.006703 0.076450 867.000000
0.005723 0.069903 578.000000
0.004889 0.068573 578.000000
0.006895 0.075033 867.000000
0.006429 0.073859 867.000000
0.005613 0.079979 1734.000000
0.005300 0.074078 1734.000000
0.007864 0.080216 1734.000000
0.007128 0.078213 1734.000000
0.005548 0.070695 867.000000
0.004831 0.069181 867.000000
0.008485 0.072433 918.000000
0.004856 0.070680 918.000000
0.009576 0.132904 2754.000000
0.007803 0.119964 2754.000000
0.006878 0.074429 867.000000
0.006069 0.073615 867.000000
0.007818 0.115517 2601.000000
0.005990 0.111641 2601.000000
0.007237 0.116976 2601.000000
0.005779 0.110267 2601.000000
0.006247 0.072242 1156.000000
0.004860 0.068870 1156.000000
0.005599 0.071789 1224.000000
0.004933 0.070013 1224.000000
0.008636 0.096412 4896.000000
0.009124 0.090761 4896.000000
0.007543 0.078969 867.000000
0.006105 0.074829 867.000000
0.007364 0.122312 3468.000000
0.006487 0.110782 3468.000000
0.007594 0.116464 3468.000000
0.006103 0.111609 3468.000000
0.005654 0.076084 1445.000000
0.005070 0.070613 1445.000000
0.005749 0.073084 1530.000000
0.004998 0.070595 1530.000000
0.010135 0.102666 7650.000000
0.009449 0.089241 7650.000000
0.006304 0.073249 867.000000
0.006753 0.077048 867.000000
0.006785 0.081564 4335.000000
0.007597 0.075844 4335.000000
0.008907 0.088213 4335.000000
0.006565 0.074386 4335.000000
0.005917 0.078478 1734.000000
0.005113 0.071103 1734.000000
0.006052 0.073417 1836.000000
0.005039 0.071111 1836.000000
0.015348 0.111133 11016.000000
0.012552 0.081970 11016.000000
0.007038 0.073200 867.000000
0.005963 0.072624 867.000000
0.006928 0.080291 5202.000000
0.007706 0.074829 5202.000000
0.009745 0.082946 5202.000000
0.006626 0.072102 5202.000000
0.006136 0.077427 2023.000000
0.005142 0.071217 2023.000000
0.005795 0.114853 2142.000000
0.005412 0.113146 2142.000000
0.014938 0.097712 14994.000000
0.023445 0.094352 14994.000000
0.006293 0.085664 867.000000
0.005965 0.072700 867.000000
0.008712 0.085693 6069.000000
0.007150 0.074234 6069.000000
0.008677 0.080685 6069.000000
0.007064 0.074429 6069.000000
0.005852 0.111827 2312.000000
0.005496 0.108635 2312.000000
0.006238 0.112474 2448.000000
0.006018 0.109729 2448.000000
0.017434 0.076904 19584.000000
0.015863 0.074918 19584.000000
0.006661 0.072962 867.000000
0.005850 0.072489 867.000000
0.007572 0.083287 6936.000000
0.007537 0.082159 6936.000000
0.008722 0.091975 6936.000000
0.008301 0.093277 6936.000000
0.005803 0.113513 2601.000000
0.005671 0.111291 2601.000000
0.006529 0.114685 2754.000000
0.005671 0.115798 2754.000000
0.020142 0.078320 24786.000000
0.019289 0.077540 24786.000000
0.006453 0.085107 867.000000
0.005784 0.072092 867.000000
0.009011 0.080954 7803.000000
0.007682 0.078073 7803.000000
0.009079 0.083153 7803.000000
0.007487 0.076379 7803.000000
0.007148 0.117351 2890.000000
0.005769 0.110206 2890.000000
0.006516 0.116366 3060.000000
0.005791 0.110551 3060.000000
0.024204 0.080244 30600.000000
0.021971 0.080396 30600.000000
0.006115 0.077236 867.000000
0.005746 0.072140 867.000000
0.008608 0.072078 8670.000000
0.009730 0.076440 8670.000000
0.010098 0.073246 8670.000000
0.008517 0.069805 8670.000000
0.006373 0.115098 3179.000000
0.006851 0.116042 3179.000000
0.006591 0.118744 3366.000000
0.005848 0.111156 3366.000000
0.028060 0.081622 37026.000000
0.025367 0.079783 37026.000000
0.006039 0.073831 867.000000
0.005744 0.072161 867.000000
0.008858 0.071684 9537.000000
0.008751 0.073773 9537.000000
0.011990 0.076355 9537.000000
0.008244 0.072222 9537.000000
0.006471 0.113851 3468.000000
0.005923 0.115510 3468.000000
0.006260 0.115726 3672.000000
0.005952 0.114239 3672.000000
0.031371 0.084196 44064.000000
0.030275 0.082415 44064.000000
0.007517 0.078810 867.000000
0.005863 0.072411 867.000000
0.009488 0.073942 10404.000000
0.009467 0.071764 10404.000000
0.010210 0.072990 10404.000000
0.008610 0.070542 10404.000000
0.006791 0.114414 3757.000000
0.006070 0.113197 3757.000000
0.006708 0.114142 3978.000000
0.005893 0.111990 3978.000000
0.035226 0.086589 51714.000000
0.034010 0.086262 51714.000000
0.006184 0.072561 867.000000
0.005697 0.072207 867.000000
0.011282 0.076525 11271.000000
0.010546 0.074314 11271.000000
0.010980 0.080344 11271.000000
0.009179 0.068794 11271.000000
0.006759 0.116594 4046.000000
0.006231 0.114568 4046.000000
0.006815 0.073059 4284.000000
0.006077 0.071177 4284.000000
0.040690 0.106584 59976.000000
0.037380 0.088355 59976.000000
0.006119 0.082117 867.000000
0.005640 0.072823 867.000000
0.010891 0.071569 12138.000000
0.010084 0.071444 12138.000000
0.011708 0.073089 12138.000000
0.009729 0.068761 12138.000000
0.007507 0.076219 4335.000000
0.006243 0.074622 4335.000000
0.006913 0.074648 4590.000000
0.006139 0.072239 4590.000000
0.049200 0.095911 68850.000000
0.042753 0.093722 68850.000000
0.005953 0.072723 867.000000
0.005647 0.072122 867.000000
0.011179 0.072721 13005.000000
0.010234 0.070405 13005.000000
0.012386 0.072883 13005.000000
0.009832 0.069398 13005.000000
0.007598 0.076444 4624.000000
0.006398 0.074674 4624.000000
0.006871 0.075135 4896.000000
0.007487 0.072631 4896.000000
0.052232 0.098114 78336.000000
0.054359 0.096759 78336.000000
0.006082 0.073888 867.000000
0.005620 0.072023 867.000000
0.011387 0.074939 13872.000000
0.011025 0.071122 13872.000000
0.012303 0.074484 13872.000000
0.010113 0.069138 13872.000000
0.007703 0.077808 4913.000000
0.006931 0.076682 4913.000000
0.007076 0.074510 5202.000000
0.006291 0.075126 5202.000000
0.064611 0.106094 88434.000000
0.059378 0.111358 88434.000000
0.006222 0.072583 867.000000
0.005553 0.072708 867.000000
0.012785 0.077734 14739.000000
0.011183 0.072853 14739.000000
0.012748 0.076300 14739.000000
0.010549 0.072046 14739.000000
0.007517 0.079578 5202.000000
0.006440 0.078523 5202.000000
0.007387 0.074713 5508.000000
0.006438 0.072921 5508.000000
0.070207 0.109041 99144.000000
0.065233 0.109297 99144.000000
0.006612 0.085059 867.000000
0.005609 0.083564 867.000000
0.011742 0.077081 15606.000000
0.011287 0.076839 15606.000000
0.013581 0.074959 15606.000000
0.012666 0.077498 15606.000000
0.007513 0.077657 5491.000000
0.007022 0.079860 5491.000000
0.007333 0.075624 5814.000000
0.006558 0.074045 5814.000000
0.080842 0.113170 110466.000000
0.074154 0.114201 110466.000000
0.007064 0.075143 867.000000
0.005616 0.072681 867.000000
0.013226 0.069159 16473.000000
0.012801 0.068867 16473.000000
0.014534 0.071969 16473.000000
0.012991 0.067792 16473.000000
0.007305 0.077031 5780.000000
0.006997 0.078965 5780.000000
0.007727 0.076054 6120.000000
0.006694 0.074103 6120.000000
0.090245 0.116930 122400.000000
0.080111 0.120640 122400.000000
0.005929 0.082411 867.000000
0.006204 0.072342 867.000000
0.013782 0.069247 17340.000000
0.013357 0.070115 17340.000000
0.014930 0.071204 17340.000000
0.012864 0.067588 17340.000000
0.007076 0.078144 6069.000000
0.007008 0.078973 6069.000000
0.007305 0.077933 6426.000000
0.006797 0.075651 6426.000000
0.119545 0.130125 134946.000000
0.108235 0.130435 134946.000000
0.006007 0.072304 867.000000
0.006979 0.071952 867.000000
0.014038 0.069435 18207.000000
0.013568 0.068704 18207.000000
0.015321 0.071568 18207.000000
0.013666 0.068220 18207.000000
0.008451 0.085063 6358.000000
0.007036 0.086095 6358.000000
0.007493 0.079004 6732.000000
0.006852 0.075967 6732.000000
0.128082 0.137207 148104.000000
0.122935 0.137551 148104.000000
0.006289 0.073429 867.000000
0.005666 0.072562 867.000000
0.014346 0.069443 19074.000000
0.014218 0.069089 19074.000000
0.015627 0.071292 19074.000000
0.013856 0.067677 19074.000000
0.007487 0.084441 6647.000000
0.007200 0.084789 6647.000000
0.007850 0.081515 7038.000000
0.006873 0.079956 7038.000000
0.137778 0.141067 161874.000000
0.135268 0.141882 161874.000000
0.006154 0.071907 867.000000
0.005582 0.071744 867.000000
0.014753 0.070341 19941.000000
0.015543 0.069157 19941.000000
0.016085 0.073008 19941.000000
0.014132 0.067922 19941.000000
0.008503 0.083217 6936.000000
0.007256 0.085552 6936.000000
0.008013 0.081397 7344.000000
0.007064 0.079748 7344.000000
0.149553 0.145885 176256.000000
0.144014 0.146361 176256.000000
0.006189 0.083522 867.000000
0.005608 0.083759 867.000000
0.015153 0.070062 20808.000000
0.015546 0.069494 20808.000000
0.016957 0.073039 20808.000000
0.014737 0.068327 20808.000000
0.008305 0.079495 7225.000000
0.007410 0.081703 7225.000000
0.008941 0.078967 7650.000000
0.007436 0.077088 7650.000000
0.164577 0.151414 191250.000000
0.158572 0.152164 191250.000000
0.005975 0.072005 867.000000
0.005579 0.071619 867.000000
0.015923 0.070112 21675.000000
0.014934 0.069573 21675.000000
0.017119 0.072650 21675.000000
0.014531 0.068632 21675.000000
0.008494 0.080058 7514.000000
0.007561 0.082126 7514.000000
0.008446 0.079255 7956.000000
0.007385 0.079938 7956.000000
0.176862 0.154987 206856.000000
0.171995 0.158787 206856.000000
0.006111 0.084061 867.000000
0.005574 0.072865 867.000000
0.015880 0.070317 22542.000000
0.015709 0.069545 22542.000000
0.017101 0.072575 22542.000000
0.015700 0.070480 22542.000000
0.008796 0.080067 7803.000000
0.007497 0.082197 7803.000000
0.008578 0.071007 8262.000000
0.007673 0.068165 8262.000000
0.189066 0.172412 223074.000000
0.186775 0.165749 223074.000000
0.005992 0.083723 867.000000
0.005586 0.082958 867.000000
0.016870 0.071931 23409.000000
0.016386 0.069890 23409.000000
0.017470 0.072405 23409.000000
0.015688 0.070257 23409.000000
0.008281 0.080281 8092.000000
0.007847 0.083252 8092.000000
0.008759 0.070464 8568.000000
0.007761 0.067946 8568.000000
0.212131 0.174468 239904.000000
0.195438 0.173929 239904.000000
0.006694 0.072315 867.000000
0.005627 0.079998 867.000000
0.017107 0.079301 24276.000000
0.017142 0.070560 24276.000000
0.017409 0.072926 24276.000000
0.015925 0.069415 24276.000000
0.009275 0.070890 8381.000000
0.008145 0.072811 8381.000000
0.009133 0.070519 8874.000000
0.008761 0.070166 8874.000000
0.223171 0.190109 257346.000000
0.215179 0.181878 257346.000000
0.006458 0.071983 867.000000
0.005651 0.072562 867.000000
0.018158 0.070940 25143.000000
0.017151 0.070594 25143.000000
0.018605 0.073546 25143.000000
0.016852 0.069436 25143.000000
0.009893 0.070976 8670.000000
0.008601 0.073603 8670.000000
0.008167 0.070115 9180.000000
0.008986 0.071037 9180.000000
0.238235 0.198742 275400.000000
0.227645 0.195852 275400.000000
0.006192 0.071931 867.000000
0.005566 0.071500 867.000000
0.018255 0.074357 26010.000000
0.017502 0.071046 26010.000000
0.018284 0.073830 26010.000000
0.016793 0.069473 26010.000000
0.009665 0.070042 8959.000000
0.008293 0.074404 8959.000000
0.009071 0.070003 9486.000000
0.008173 0.075831 9486.000000
0.257996 0.211326 294066.000000
0.250399 0.208587 294066.000000
0.005964 0.072175 867.000000
0.005613 0.075430 867.000000
0.018664 0.071472 26877.000000
0.018498 0.070946 26877.000000
0.019022 0.073108 26877.000000
0.017264 0.069341 26877.000000
0.009213 0.070313 9248.000000
0.008354 0.073994 9248.000000
0.009124 0.070009 9792.000000
0.008858 0.071838 9792.000000
0.275811 0.222832 313344.000000
0.262857 0.218767 313344.000000
0.007088 0.085318 867.000000
0.005618 0.071938 867.000000
0.018484 0.071761 27744.000000
0.018087 0.071253 27744.000000
0.020037 0.073393 27744.000000
0.016887 0.069972 27744.000000
0.010552 0.073102 9537.000000
0.008427 0.074177 9537.000000
0.009640 0.073966 10098.000000
0.009594 0.072230 10098.000000
0.294144 0.234587 333234.000000
0.276596 0.231709 333234.000000
0.006050 0.083997 867.000000
0.005602 0.082633 867.000000
0.019943 0.071874 28611.000000
0.018361 0.072073 28611.000000
0.019362 0.080226 28611.000000
0.018212 0.070780 28611.000000
0.009759 0.070396 9826.000000
0.008696 0.074203 9826.000000
0.009381 0.070834 10404.000000
0.008759 0.068492 10404.000000
0.313967 0.254696 353736.000000
0.297600 0.243009 353736.000000
0.006077 0.071778 867.000000
0.005620 0.084576 867.000000
0.020240 0.075460 29478.000000
0.020979 0.087336 29478.000000
0.020669 0.074552 29478.000000
0.017586 0.071605 29478.000000
0.009420 0.070225 10115.000000
0.008764 0.074545 10115.000000
0.009432 0.070498 10710.000000
0.008580 0.070449 10710.000000
0.331104 0.255592 374850.000000
0.314311 0.262178 374850.000000
0.005951 0.071753 867.000000
0.005596 0.071565 867.000000
0.021796 0.073216 30345.000000
0.020019 0.074213 30345.000000
0.021337 0.075297 30345.000000
0.018227 0.071130 30345.000000
0.010219 0.070338 10404.000000
0.008926 0.075778 10404.000000
0.010154 0.070209 11016.000000
0.009072 0.068109 11016.000000
0.353477 0.272998 396576.000000
0.330854 0.268627 396576.000000
0.005972 0.072107 867.000000
0.005566 0.071651 867.000000
0.021176 0.073565 31212.000000
0.019934 0.072777 31212.000000
0.021909 0.076877 31212.000000
0.018842 0.071242 31212.000000
0.011051 0.071101 10693.000000
0.009184 0.072682 10693.000000
0.010191 0.069938 11322.000000
0.009682 0.075542 11322.000000
0.368651 0.282081 418914.000000
0.353435 0.287543 418914.000000
0.007338 0.073003 867.000000
0.005600 0.071096 867.000000
0.021821 0.074238 32079.000000
0.020175 0.072654 32079.000000
0.022388 0.075338 32079.000000
0.018761 0.071274 32079.000000
0.010590 0.069911 10982.000000
0.009521 0.072210 10982.000000
0.010353 0.069831 11628.000000
0.009266 0.068468 11628.000000
0.392947 0.299283 441864.000000
0.385397 0.293993 441864.000000
0.005967 0.075390 867.000000
0.005570 0.071159 867.000000
0.021739 0.072855 32946.000000
0.020748 0.072236 32946.000000
0.022743 0.075044 32946.000000
0.019522 0.071268 32946.000000
0.011916 0.069618 11271.000000
0.009810 0.071898 11271.000000
0.010812 0.072087 11934.000000
0.009689 0.068137 11934.000000
0.410557 0.313779 465426.000000
0.398003 0.308086 465426.000000
0.007063 0.073865 867.000000
0.005609 0.071168 867.000000
0.022906 0.073105 33813.000000
0.022649 0.072625 33813.000000
0.022829 0.075293 33813.000000
0.020442 0.071235 33813.000000
0.011238 0.070037 11560.000000
0.009550 0.072260 11560.000000
0.010747 0.070074 12240.000000
0.010681 0.071383 12240.000000
0.436417 0.320511 489600.000000
0.416063 0.323180 489600.000000
0.005778 0.071658 867.000000
0.005612 0.071514 867.000000
0.022502 0.075582 34680.000000
0.021785 0.072820 34680.000000
0.023447 0.075326 34680.000000
0.020534 0.071711 34680.000000
0.012021 0.070650 11849.000000
0.009697 0.072298 11849.000000
0.010637 0.069985 12546.000000
0.009590 0.068169 12546.000000
0.447914 0.339663 514386.000000
0.443742 0.332784 514386.000000
0.005723 0.072245 867.000000
0.005567 0.071570 867.000000
0.024320 0.073532 35547.000000
0.022672 0.072839 35547.000000
0.024609 0.075498 35547.000000
0.021459 0.071626 35547.000000
0.010942 0.070767 12138.000000
0.010202 0.072553 12138.000000
0.010569 0.069794 12852.000000
0.009706 0.068540 12852.000000
0.475139 0.357607 539784.000000
0.458507 0.343642 539784.000000
0.005815 0.081255 867.000000
0.005570 0.072067 867.000000
0.023255 0.074178 36414.000000
0.024143 0.072966 36414.000000
0.023677 0.075497 36414.000000
0.021211 0.071846 36414.000000
0.012254 0.070997 12427.000000
0.010413 0.072357 12427.000000
0.012263 0.087536 13158.000000
0.011338 0.084618 13158.000000
0.532966 0.389966 565794.000000
0.483544 0.358531 565794.000000
0.007288 0.074401 867.000000
0.005674 0.072020 867.000000
0.025576 0.074794 37281.000000
0.024076 0.073781 37281.000000
0.025805 0.079293 37281.000000
0.022686 0.073169 37281.000000
0.012760 0.071233 12716.000000
0.010833 0.073217 12716.000000
0.011584 0.070744 13464.000000
0.010504 0.072600 13464.000000
0.539698 0.375653 592416.000000
0.511152 0.379719 592416.000000
0.005818 0.071675 867.000000
0.005607 0.071032 867.000000
0.024089 0.083283 38148.000000
0.022957 0.074539 38148.000000
0.023970 0.076610 38148.000000
0.022371 0.072875 38148.000000
0.011380 0.070226 13005.000000
0.010030 0.072329 13005.000000
0.010891 0.074840 13770.000000
0.010111 0.068845 13770.000000
0.554323 0.394671 619650.000000
0.534759 0.385892 619650.000000
0.006176 0.073875 867.000000
0.005577 0.071119 867.000000
0.026188 0.074685 39015.000000
0.024049 0.074455 39015.000000
0.023967 0.076648 39015.000000
0.022772 0.072562 39015.000000
0.012199 0.070610 13294.000000
0.010250 0.074429 13294.000000
0.011399 0.070505 14076.000000
0.010360 0.069090 14076.000000
0.580612 0.404237 647496.000000
0.568273 0.410266 647496.000000
0.006327 0.074787 867.000000
0.005544 0.071064 867.000000
0.025889 0.076925 39882.000000
0.028975 0.078616 39882.000000
0.027300 0.078970 39882.000000
0.023173 0.073503 39882.000000
0.012115 0.070643 13583.000000
0.010454 0.073115 13583.000000
0.011207 0.071054 14382.000000
0.010505 0.070143 14382.000000
0.601793 0.420056 675954.000000
0.588364 0.420080 675954.000000
0.005935 0.074384 867.000000
0.005631 0.071245 867.000000
0.025249 0.075228 40749.000000
0.024371 0.076281 40749.000000
0.026610 0.078272 40749.000000
0.022621 0.073873 40749.000000
0.012873 0.070536 13872.000000
0.010560 0.072635 13872.000000
0.011930 0.074687 14688.000000
0.011086 0.072403 14688.000000
0.621407 0.432921 705024.000000
0.609045 0.435557 705024.000000
0.005669 0.073958 867.000000
0.005565 0.071036 867.000000
0.025699 0.075374 41616.000000
0.026533 0.077529 41616.000000
0.026332 0.077869 41616.000000
0.023313 0.074446 41616.000000
0.012347 0.071354 14161.000000
0.010803 0.073339 14161.000000
0.011690 0.070754 14994.000000
0.010977 0.068979 14994.000000
0.651221 0.447103 734706.000000
0.640594 0.449631 734706.000000
0.005663 0.073352 867.000000
0.005582 0.072286 867.000000
0.026252 0.075501 42483.000000
0.026501 0.076031 42483.000000
0.026812 0.077567 42483.000000
0.023934 0.074098 42483.000000
0.012835 0.070480 14450.000000
0.010742 0.072974 14450.000000
0.011378 0.071379 15300.000000
0.010696 0.069089 15300.000000
0.674430 0.463145 765000.000000
0.661898 0.466561 765000.000000
0.005766 0.075636 867.000000
0.005636 0.070917 867.000000
0.027104 0.080834 43350.000000
0.025895 0.075767 43350.000000
0.026405 0.077768 43350.000000
0.024233 0.074832 43350.000000
0.011740 0.071304 14739.000000
0.011676 0.073790 14739.000000
0.012303 0.071020 15606.000000
0.010718 0.069090 15606.000000
0.705550 0.479551 795906.000000
0.676724 0.480791 795906.000000
0.006532 0.086606 867.000000
0.006824 0.085387 867.000000
0.028201 0.079612 44217.000000
0.027180 0.077274 44217.000000
0.028525 0.080376 44217.000000
0.025223 0.074977 44217.000000
0.013385 0.071151 15028.000000
0.011292 0.071434 15028.000000
0.013083 0.081223 15912.000000
0.013761 0.080428 15912.000000
0.731190 0.501891 827424.000000
0.717990 0.492906 827424.000000
0.006145 0.073104 867.000000
0.005560 0.071255 867.000000
0.029840 0.077993 45084.000000
0.027477 0.076658 45084.000000
0.029918 0.079460 45084.000000
0.025550 0.075113 45084.000000
0.012191 0.071095 15317.000000
0.011089 0.071552 15317.000000
0.011714 0.070955 16218.000000
0.011801 0.076851 16218.000000
0.757619 0.515458 859554.000000
0.773716 0.514237 859554.000000
0.005752 0.088413 867.000000
0.005599 0.083227 867.000000
0.028085 0.077526 45951.000000
0.027361 0.076737 45951.000000
0.029246 0.079718 45951.000000
0.026685 0.075441 45951.000000
0.013513 0.071684 15606.000000
0.011409 0.071763 15606.000000
0.013244 0.068997 16524.000000
0.012801 0.073984 16524.000000
0.784694 0.534686 892296.000000
0.782745 0.531648 892296.000000
0.005967 0.074704 867.000000
0.005612 0.071420 867.000000
0.029259 0.077482 46818.000000
0.027927 0.076818 46818.000000
0.028955 0.079812 46818.000000
0.026614 0.075422 46818.000000
0.013687 0.071652 15895.000000
0.011587 0.072829 15895.000000
0.013506 0.069253 16830.000000
0.013155 0.067831 16830.000000
0.813376 0.545755 925650.000000
0.791716 0.582328 925650.000000
0.007199 0.075685 867.000000
0.005613 0.072090 867.000000
0.030683 0.078376 47685.000000
0.029969 0.077074 47685.000000
0.029474 0.082188 47685.000000
0.027293 0.076102 47685.000000
0.012775 0.071097 16184.000000
0.011525 0.071838 16184.000000
0.013194 0.069344 17136.000000
0.012514 0.068034 17136.000000
0.844170 0.563307 959616.000000
0.841036 0.572019 959616.000000
0.006374 0.080363 867.000000
0.005533 0.071203 867.000000
0.030114 0.080597 48552.000000
0.028632 0.077440 48552.000000
0.029736 0.079647 48552.000000
0.027288 0.075694 48552.000000
0.013749 0.068496 16473.000000
0.012782 0.067480 16473.000000
0.013790 0.070739 17442.000000
0.013326 0.076529 17442.000000
0.880984 0.574909 994194.000000
0.863952 0.580330 994194.000000
0.006283 0.078954 867.000000
0.005579 0.071377 867.000000
0.029799 0.079145 49419.000000
0.029798 0.079944 49419.000000
0.029815 0.079693 49419.000000
0.026878 0.076294 49419.000000
0.013537 0.069339 16762.000000
0.013217 0.068071 16762.000000
0.013663 0.070349 17748.000000
0.012970 0.067784 17748.000000
0.907156 0.598788 1029384.000000
0.908191 0.594224 1029384.000000
0.005945 0.073209 867.000000
0.005605 0.082497 867.000000
0.030998 0.078561 50286.000000
0.029730 0.077452 50286.000000
0.030106 0.080040 50286.000000
0.027519 0.077631 50286.000000
0.016551 0.074428 17051.000000
0.012693 0.067882 17051.000000
0.013182 0.069939 18054.000000
0.013665 0.074681 18054.000000
0.939619 0.611172 1065186.000000
0.940769 0.660977 1065186.000000
0.005765 0.078030 867.000000
0.005565 0.075025 867.000000
0.036563 0.080738 51153.000000
0.035095 0.078921 51153.000000
0.031179 0.080292 51153.000000
0.029639 0.077115 51153.000000
0.014781 0.068972 17340.000000
0.012773 0.069137 17340.000000
0.014206 0.069891 18360.000000
0.015582 0.068838 18360.000000
0.979806 0.628655 1101600.000000
0.994277 0.676920 1101600.000000
0.005934 0.090215 867.000000
0.005601 0.073001 867.000000
0.039766 0.086189 52020.000000
0.035313 0.078254 52020.000000
0.031779 0.080389 52020.000000
0.029231 0.076961 52020.000000
0.014989 0.068753 17629.000000
0.012963 0.068270 17629.000000
0.014161 0.069685 18666.000000
0.013726 0.067890 18666.000000
1.011167 0.650462 1138626.000000
1.004206 0.696966 1138626.000000
0.005723 0.075271 867.000000
0.005577 0.075725 867.000000
0.034740 0.079917 52887.000000
0.031210 0.079193 52887.000000
0.033194 0.081581 52887.000000
0.029245 0.077556 52887.000000
0.014841 0.068649 17918.000000
0.014734 0.068207 17918.000000
0.014664 0.070055 18972.000000
0.013653 0.068212 18972.000000
1.053901 0.666704 1176264.000000
1.035967 0.711256 1176264.000000
0.005963 0.076824 867.000000
0.005580 0.070953 867.000000
0.038382 0.088803 53754.000000
0.031752 0.078837 53754.000000
0.032858 0.081769 53754.000000
0.030223 0.077402 53754.000000
0.014572 0.068924 18207.000000
0.013855 0.068241 18207.000000
0.013977 0.069822 19278.000000
0.014760 0.078814 19278.000000
1.079981 0.683287 1214514.000000
1.067658 0.739684 1214514.000000
0.006009 0.075764 867.000000
0.005568 0.078905 867.000000
0.033692 0.088928 54621.000000
0.034796 0.079461 54621.000000
0.034198 0.082379 54621.000000
0.030232 0.083918 54621.000000
0.015306 0.068992 18496.000000
0.015346 0.073866 18496.000000
0.014628 0.069880 19584.000000
0.014091 0.068008 19584.000000
1.116261 0.704102 1253376.000000
1.102793 0.744913 1253376.000000
0.005678 0.076227 867.000000
0.005599 0.075301 867.000000
0.034336 0.080859 55488.000000
0.036973 0.079538 55488.000000
0.034030 0.082275 55488.000000
0.030487 0.078530 55488.000000
0.015458 0.069329 18785.000000
0.014267 0.069046 18785.000000
0.013906 0.069866 19890.000000
0.014078 0.079116 19890.000000
1.152195 0.723636 1292850.000000
1.143995 0.782525 1292850.000000
0.006226 0.085797 867.000000
0.006768 0.079169 867.000000
0.033912 0.083409 56355.000000
0.033008 0.081995 56355.000000
0.043350 0.082455 56355.000000
0.031337 0.078704 56355.000000
0.014155 0.069882 19074.000000
0.014120 0.069501 19074.000000
0.014979 0.070912 20196.000000
0.013693 0.070232 20196.000000
1.192633 0.741556 1332936.000000
1.164085 0.796412 1332936.000000
0.006562 0.088502 867.000000
0.005574 0.082630 867.000000
0.035626 0.088326 57222.000000
0.033449 0.086518 57222.000000
0.035276 0.082760 57222.000000
0.031936 0.078394 57222.000000
0.015717 0.069069 19363.000000
0.014057 0.069430 19363.000000
0.014524 0.070084 20502.000000
0.014366 0.068596 20502.000000
1.216520 0.765208 1373634.000000
1.190547 0.814903 1373634.000000
0.005714 0.087252 867.000000
0.005616 0.072846 867.000000
0.036208 0.085765 58089.000000
0.036832 0.080383 58089.000000
0.035928 0.083355 58089.000000
0.032793 0.079556 58089.000000
0.015972 0.070568 19652.000000
0.015403 0.069628 19652.000000
0.015035 0.071051 20808.000000
0.014771 0.070613 20808.000000
1.260179 0.782049 1414944.000000
1.244592 0.838954 1414944.000000
0.005977 0.078846 867.000000
0.005617 0.071747 867.000000
0.036804 0.088259 58956.000000
0.033977 0.080756 58956.000000
0.035602 0.084196 58956.000000
0.033407 0.079431 58956.000000
0.015731 0.069817 19941.000000
0.015070 0.069901 19941.000000
0.015788 0.070426 21114.000000
0.014636 0.068865 21114.000000
1.299007 0.802602 1456866.000000
1.287335 0.833355 1456866.000000
0.005781 0.077757 867.000000
0.005595 0.077967 867.000000
0.036286 0.081892 59823.000000
0.035062 0.082816 59823.000000
0.036278 0.083207 59823.000000
0.035676 0.079628 59823.000000
0.016998 0.070315 20230.000000
0.014242 0.069312 20230.000000
0.014917 0.074179 21420.000000
0.016440 0.077094 21420.000000
1.337253 0.821430 1499400.000000
1.312905 0.870178 1499400.000000
0.005911 0.074370 867.000000
0.005548 0.071208 867.000000
0.036676 0.088271 60690.000000
0.034389 0.082194 60690.000000
0.036214 0.083689 60690.000000
0.035096 0.080014 60690.000000
0.015896 0.069982 20519.000000
0.014649 0.069583 20519.000000
0.015121 0.070708 21726.000000
0.014988 0.072273 21726.000000
1.369974 0.842400 1542546.000000
1.359240 0.875703 1542546.000000
0.005840 0.074352 867.000000
0.006303 0.073325 867.000000
0.038027 0.091309 61557.000000
0.035475 0.081512 61557.000000
0.036693 0.084982 61557.000000
0.033145 0.080180 61557.000000
0.015750 0.069716 20808.000000
0.015651 0.069439 20808.000000
0.015738 0.070807 22032.000000
0.015180 0.068992 22032.000000
1.411781 0.860260 1586304.000000
1.394074 0.902302 1586304.000000
0.006186 0.087338 867.000000
0.005539 0.073253 867.000000
0.040776 0.082228 62424.000000
0.040067 0.083896 62424.000000
0.036761 0.083781 62424.000000
0.033835 0.079980 62424.000000
0.016024 0.069614 21097.000000
0.016158 0.069867 21097.000000
0.015988 0.070742 22338.000000
0.015957 0.074114 22338.000000
1.454861 0.887105 1630674.000000
1.427531 0.926731 1630674.000000
0.005972 0.075857 867.000000
0.005557 0.071196 867.000000
0.039582 0.082727 63291.000000
0.036526 0.081866 63291.000000
0.037985 0.084031 63291.000000
0.036243 0.080291 63291.000000
0.015604 0.069620 21386.000000
0.015023 0.070172 21386.000000
0.015821 0.071380 22644.000000
0.015085 0.070259 22644.000000
1.492141 0.909426 1675656.000000
1.488148 0.939966 1675656.000000
0.006090 0.076453 867.000000
0.005578 0.071794 867.000000
0.038421 0.089988 64158.000000
0.039094 0.081922 64158.000000
0.039683 0.084689 64158.000000
0.036038 0.081595 64158.000000
0.016321 0.070221 21675.000000
0.015584 0.070246 21675.000000
0.016651 0.073615 22950.000000
0.015852 0.076050 22950.000000
1.536014 0.929406 1721250.000000
1.532933 0.935808 1721250.000000
0.006941 0.079699 867.000000
0.005559 0.072450 867.000000
0.040168 0.083083 65025.000000
0.036995 0.082363 65025.000000
0.038440 0.084544 65025.000000
0.035431 0.080396 65025.000000
0.016530 0.069579 21964.000000
0.015605 0.069673 21964.000000
0.015554 0.071316 23256.000000
0.015759 0.069129 23256.000000
1.581735 0.949383 1767456.000000
1.558089 0.970900 1767456.000000
0.006263 0.079017 867.000000
0.005548 0.075175 867.000000
0.041365 0.088353 65892.000000
0.039900 0.086216 65892.000000
0.040313 0.088282 65892.000000
0.036360 0.083987 65892.000000
0.016687 0.073779 22253.000000
0.016602 0.069588 22253.000000
0.016167 0.072321 23562.000000
0.015336 0.069041 23562.000000
1.618516 0.973351 1814274.000000
1.607338 1.006071 1814274.000000
0.006015 0.076744 867.000000
0.005587 0.071404 867.000000
0.041091 0.089575 66759.000000
0.038912 0.092804 66759.000000
0.043794 0.089759 66759.000000
0.036411 0.085794 66759.000000
0.016765 0.071038 22542.000000
0.016433 0.069654 22542.000000
0.016449 0.079952 23868.000000
0.015784 0.080026 23868.000000
1.663955 1.000628 1861704.000000
1.627646 1.013008 1861704.000000
0.005782 0.075524 867.000000
0.005592 0.080615 867.000000
0.041192 0.097203 67626.000000
0.038985 0.085876 67626.000000
0.040426 0.088199 67626.000000
0.037554 0.084788 67626.000000
0.016262 0.070523 22831.000000
0.015523 0.069239 22831.000000
0.016893 0.073313 24174.000000
0.015840 0.070242 24174.000000
1.707054 1.014533 1909746.000000
1.702556 1.041315 1909746.000000
0.005832 0.078592 867.000000
0.006645 0.073630 867.000000
0.042403 0.093022 68493.000000
0.040815 0.090953 68493.000000
0.041060 0.089639 68493.000000
0.039684 0.085654 68493.000000
0.017495 0.070729 23120.000000
0.015552 0.069611 23120.000000
0.017349 0.072459 24480.000000
0.016554 0.071698 24480.000000
1.735986 1.041792 1958400.000000
1.729294 1.030946 1958400.000000
0.006015 0.076166 867.000000
0.005512 0.070857 867.000000
0.043251 0.089747 69360.000000
0.042853 0.088603 69360.000000
0.042777 0.090438 69360.000000
0.039359 0.084609 69360.000000
0.017340 0.070415 23409.000000
0.016103 0.069924 23409.000000
0.016409 0.071502 24786.000000
0.016605 0.071114 24786.000000
1.780196 1.059022 2007666.000000
1.780728 1.057804 2007666.000000
0.006129 0.074494 867.000000
0.005602 0.076880 867.000000
0.044192 0.099428 70227.000000
0.042189 0.088363 70227.000000
0.043231 0.088802 70227.000000
0.039584 0.085164 70227.000000
0.017156 0.070277 23698.000000
0.016465 0.069871 23698.000000
0.017362 0.071583 25092.000000
0.018447 0.074330 25092.000000
1.813893 1.089865 2057544.000000
1.808633 1.076993 2057544.000000
0.006109 0.076240 867.000000
0.005610 0.071933 867.000000
0.044352 0.091927 71094.000000
0.041960 0.086261 71094.000000
0.043835 0.089803 71094.000000
0.039591 0.086000 71094.000000
0.017134 0.071268 23987.000000
0.016778 0.069708 23987.000000
0.016853 0.071813 25398.000000
0.017025 0.076771 25398.000000
1.872422 1.109289 2108034.000000
1.834764 1.102257 2108034.000000
0.005923 0.073195 867.000000
0.005679 0.071975 867.000000
0.045514 0.088547 71961.000000
0.043485 0.087030 71961.000000
0.045019 0.089434 71961.000000
0.040787 0.085346 71961.000000
0.017447 0.070396 24276.000000
0.016836 0.069887 24276.000000
0.016789 0.071832 25704.000000
0.017124 0.071021 25704.000000
1.893194 1.132017 2159136.000000
1.922025 1.130418 2159136.000000
0.005840 0.079449 867.000000
0.005539 0.070911 867.000000
0.045471 0.090574 72828.000000
0.050218 0.090360 72828.000000
0.049140 0.092649 72828.000000
0.044936 0.095389 72828.000000
0.019979 0.075765 24565.000000
0.019137 0.078723 24565.000000
0.019143 0.085816 26010.000000
0.017291 0.079112 26010.000000
1.946683 1.162585 2210850.000000
1.943389 1.150824 2210850.000000
0.006329 0.080768 867.000000
0.005622 0.071462 867.000000
0.044985 0.090464 73695.000000
0.045001 0.088428 73695.000000
0.045822 0.092638 73695.000000
0.040693 0.086146 73695.000000
0.017916 0.070922 24854.000000
0.016904 0.072025 24854.000000
0.017112 0.072570 26316.000000
0.016980 0.071934 26316.000000
1.999313 1.183381 2263176.000000
2.002429 1.170145 2263176.000000
0.005902 0.075734 867.000000
0.005518 0.071060 867.000000
0.047034 0.098278 74562.000000
0.044399 0.087932 74562.000000
0.046296 0.090439 74562.000000
0.041326 0.085756 74562.000000
0.017971 0.070797 25143.000000
0.017179 0.070030 25143.000000
0.017077 0.072215 26622.000000
0.017137 0.080673 26622.000000
2.063114 1.211876 2316114.000000
2.033456 1.196183 2316114.000000
0.005781 0.074962 867.000000
0.005545 0.071183 867.000000
0.048903 0.088506 75429.000000
0.045011 0.088864 75429.000000
0.046485 0.090194 75429.000000
0.041947 0.086216 75429.000000
0.017896 0.072171 25432.000000
0.017076 0.070189 25432.000000
0.018144 0.072146 26928.000000
0.016946 0.078141 26928.000000
2.090116 1.237116 2369664.000000
2.093766 1.218968 2369664.000000
0.007119 0.078615 867.000000
0.005509 0.071242 867.000000
0.048894 0.090755 76296.000000
0.046149 0.088275 76296.000000
0.046826 0.090249 76296.000000
0.043396 0.085825 76296.000000
0.018291 0.070823 25721.000000
0.019541 0.070650 25721.000000
0.017503 0.072376 27234.000000
0.017120 0.072767 27234.000000
2.163431 1.258376 2423826.000000
2.113917 1.244208 2423826.000000
0.006172 0.085643 867.000000
0.005567 0.082911 867.000000
0.049079 0.093081 77163.000000
0.046400 0.090544 77163.000000
0.047775 0.091268 77163.000000
0.043146 0.086752 77163.000000
0.017983 0.077301 26010.000000
0.017449 0.070467 26010.000000
0.017500 0.072795 27540.000000
0.019134 0.071201 27540.000000
2.214490 1.286778 2478600.000000
2.155395 1.266997 2478600.000000
0.006844 0.078524 867.000000
0.005553 0.071217 867.000000
0.049657 0.090884 78030.000000
0.046988 0.088117 78030.000000
0.049268 0.090816 78030.000000
0.043367 0.087331 78030.000000
0.018270 0.071358 26299.000000
0.017457 0.070511 26299.000000
0.017675 0.072414 27846.000000
0.017549 0.071457 27846.000000
2.262913 1.310828 2533986.000000
2.189839 1.298898 2533986.000000
0.005916 0.075345 867.000000
0.005533 0.070904 867.000000
0.050606 0.091625 78897.000000
0.049778 0.088449 78897.000000
0.050464 0.093473 78897.000000
0.045762 0.087723 78897.000000
0.022130 0.071377 26588.000000
0.017973 0.070399 26588.000000
0.018405 0.080918 28152.000000
0.018222 0.076789 28152.000000
2.297511 1.340404 2589984.000000
2.245837 1.322429 2589984.000000
0.006074 0.088206 867.000000
0.005519 0.070740 867.000000
0.051569 0.090237 79764.000000
0.047684 0.089544 79764.000000
0.049844 0.091355 79764.000000
0.045939 0.087904 79764.000000
0.018396 0.071457 26877.000000
0.018284 0.070633 26877.000000
0.017653 0.072141 28458.000000
0.018677 0.071369 28458.000000
2.351080 1.370862 2646594.000000
2.239285 1.354543 2646594.000000
0.005727 0.083385 867.000000
0.005528 0.082558 867.000000
0.051402 0.094785 80631.000000
0.049229 0.097067 80631.000000
0.050408 0.091986 80631.000000
0.047058 0.097442 80631.000000
0.019653 0.071928 27166.000000
0.018196 0.070731 27166.000000
0.018385 0.072533 28764.000000
0.017469 0.070828 28764.000000
2.402393 1.389931 2703816.000000
2.299483 1.373082 2703816.000000
0.005817 0.076195 867.000000
0.005525 0.071014 867.000000
0.053137 0.094951 81498.000000
0.051158 0.091785 81498.000000
0.052806 0.092223 81498.000000
0.046370 0.087703 81498.000000
0.018289 0.072110 27455.000000
0.017195 0.070717 27455.000000
0.018494 0.072636 29070.000000
0.018134 0.070982 29070.000000
2.464943 1.427711 2761650.000000
2.391319 1.394311 2761650.000000
0.005780 0.073859 867.000000
0.005546 0.071410 867.000000
0.054360 0.099700 82365.000000
0.051436 0.089959 82365.000000
0.051858 0.092543 82365.000000
0.047819 0.087815 82365.000000
0.019969 0.071929 27744.000000
0.018480 0.070860 27744.000000
0.018570 0.073268 29376.000000
0.018417 0.081052 29376.000000
2.515624 1.450125 2820096.000000
2.428848 1.432648 2820096.000000
0.005805 0.075697 867.000000
0.005565 0.071383 867.000000
0.055195 0.095318 83232.000000
0.052296 0.090160 83232.000000
0.053622 0.092884 83232.000000
0.050974 0.090752 83232.000000
0.018975 0.072620 28033.000000
0.017904 0.070712 28033.000000
0.019232 0.073583 29682.000000
0.019457 0.071649 29682.000000
2.558022 1.482142 2879154.000000
2.440289 1.452350 2879154.000000
0.006909 0.078927 867.000000
0.005512 0.071075 867.000000
0.054482 0.091082 84099.000000
0.050711 0.090373 84099.000000
0.052146 0.092893 84099.000000
0.049756 0.088127 84099.000000
0.019232 0.072003 28322.000000
0.017455 0.070656 28322.000000
0.019702 0.076081 29988.000000
0.018227 0.072575 29988.000000
2.647323 1.511599 2938824.000000
2.513373 1.489808 2938824.000000
0.006576 0.086296 867.000000
0.005563 0.071620 867.000000
0.061941 0.097585 84966.000000
0.052525 0.094845 84966.000000
0.054205 0.093930 84966.000000
0.049656 0.088623 84966.000000
0.020721 0.072463 28611.000000
0.017863 0.071248 28611.000000
0.019373 0.074356 30294.000000
0.019906 0.072891 30294.000000
2.675656 1.541123 2999106.000000
2.588507 1.518724 2999106.000000
0.006858 0.076217 867.000000
0.005562 0.071381 867.000000
0.056394 0.093526 85833.000000
0.052740 0.093614 85833.000000
0.055219 0.094762 85833.000000
0.050480 0.089959 85833.000000
0.018880 0.073633 28900.000000
0.019415 0.075611 28900.000000
0.019123 0.073716 30600.000000
0.018995 0.072004 30600.000000
2.734894 1.575084 3060000.000000
2.619285 1.549512 3060000.000000
0.006004 0.073280 867.000000
0.005538 0.072352 867.000000
0.056154 0.093353 86700.000000
0.055017 0.092554 86700.000000
0.055635 0.095250 86700.000000
0.050683 0.091254 86700.000000
