  -5.000  -0.3213   0.00664   0.00182   -0.0524   0.8182    0.0490
  -4.750  -0.2932   0.00656   0.00172   -0.0524   0.8056    0.0527
  -4.500  -0.2652   0.00645   0.00160   -0.0524   0.7919    0.0592
  -4.250  -0.2371   0.00637   0.00151   -0.0524   0.7772    0.0654
  -3.750  -0.1808   0.00621   0.00133   -0.0523   0.7479    0.0805
  -3.500  -0.1526   0.00612   0.00125   -0.0524   0.7327    0.0903
  -3.250  -0.1244   0.00605   0.00117   -0.0524   0.7167    0.1014
  -3.000  -0.0962   0.00599   0.00111   -0.0524   0.7012    0.1126
  -2.750  -0.0680   0.00593   0.00105   -0.0524   0.6850    0.1264
  -2.500  -0.0398   0.00587   0.00099   -0.0524   0.6688    0.1409
  -2.250  -0.0116   0.00581   0.00094   -0.0524   0.6526    0.1581
  -2.000   0.0167   0.00576   0.00090   -0.0525   0.6366    0.1756
  -1.750   0.0449   0.00571   0.00086   -0.0525   0.6202    0.1945
  -1.500   0.0732   0.00567   0.00084   -0.0525   0.6045    0.2136
  -1.250   0.1014   0.00563   0.00081   -0.0526   0.5887    0.2364
  -1.000   0.1297   0.00559   0.00079   -0.0526   0.5730    0.2601
  -0.750   0.1579   0.00555   0.00078   -0.0526   0.5578    0.2849
  -0.500   0.1862   0.00552   0.00078   -0.0527   0.5431    0.3107
  -0.250   0.2144   0.00549   0.00078   -0.0527   0.5284    0.3384
   0.000   0.2425   0.00545   0.00078   -0.0528   0.5143    0.3705
   0.250   0.2707   0.00540   0.00079   -0.0528   0.5009    0.4070
   0.500   0.2987   0.00531   0.00080   -0.0528   0.4886    0.4556
   0.750   0.3267   0.00524   0.00082   -0.0529   0.4762    0.5039
   1.000   0.3547   0.00519   0.00084   -0.0529   0.4637    0.5498
   1.250   0.3826   0.00515   0.00088   -0.0529   0.4511    0.5903
   1.500   0.4108   0.00512   0.00091   -0.0529   0.4398    0.6306
   2.000   0.4666   0.00507   0.00100   -0.0529   0.4152    0.7124
   2.250   0.4943   0.00508   0.00106   -0.0528   0.4006    0.7502
   2.500   0.5217   0.00510   0.00112   -0.0527   0.3851    0.7887
   2.750   0.5489   0.00512   0.00119   -0.0525   0.3685    0.8273
   3.000   0.5757   0.00516   0.00127   -0.0522   0.3514    0.8637
   3.250   0.6019   0.00523   0.00137   -0.0518   0.3321    0.8978
   3.500   0.6277   0.00534   0.00147   -0.0512   0.3122    0.9257
   4.000   0.6781   0.00565   0.00169   -0.0499   0.2711    0.9683
   4.250   0.7053   0.00586   0.00182   -0.0497   0.2483    0.9805
   4.500   0.7358   0.00609   0.00195   -0.0504   0.2250    0.9880
   4.750   0.7657   0.00637   0.00211   -0.0509   0.2001    0.9941
   5.000   0.7999   0.00665   0.00227   -0.0525   0.1761    0.9964
   5.250   0.8340   0.00696   0.00246   -0.0540   0.1517    0.9987
   5.500   0.8662   0.00726   0.00265   -0.0551   0.1314    1.0000
   5.750   0.8890   0.00752   0.00282   -0.0541   0.1146    1.0000
   6.000   0.9123   0.00778   0.00300   -0.0532   0.0991    1.0000
   6.250   0.9361   0.00803   0.00318   -0.0524   0.0869    1.0000
   6.500   0.9603   0.00829   0.00337   -0.0517   0.0756    1.0000
   6.750   0.9851   0.00854   0.00357   -0.0511   0.0669    1.0000
   7.000   1.0104   0.00877   0.00376   -0.0507   0.0603    1.0000
   7.250   1.0357   0.00902   0.00396   -0.0502   0.0536    1.0000
   7.500   1.0609   0.00928   0.00418   -0.0498   0.0473    1.0000
   7.750   1.0863   0.00953   0.00440   -0.0494   0.0430    1.0000
   8.000   1.1118   0.00977   0.00461   -0.0490   0.0393    1.0000
   8.250   1.1368   0.01005   0.00486   -0.0485   0.0350    1.0000
   8.500   1.1624   0.01028   0.00507   -0.0482   0.0328    1.0000
   8.750   1.1872   0.01057   0.00534   -0.0477   0.0296    1.0000
   9.000   1.2125   0.01081   0.00557   -0.0474   0.0281    1.0000
   9.250   1.2372   0.01110   0.00584   -0.0469   0.0259    1.0000
   9.500   1.2619   0.01137   0.00610   -0.0464   0.0242    1.0000
   9.750   1.2865   0.01165   0.00637   -0.0460   0.0229    1.0000
  10.000   1.3103   0.01198   0.00669   -0.0454   0.0210    1.0000
  10.250   1.3347   0.01225   0.00696   -0.0449   0.0202    1.0000
  10.500   1.3587   0.01255   0.00726   -0.0444   0.0193    1.0000
  10.750   1.3819   0.01289   0.00759   -0.0437   0.0181    1.0000
  11.000   1.4047   0.01324   0.00795   -0.0430   0.0171    1.0000
  11.250   1.4281   0.01354   0.00825   -0.0424   0.0166    1.0000
  11.500   1.4507   0.01388   0.00859   -0.0416   0.0159    1.0000
  11.750   1.4724   0.01426   0.00898   -0.0408   0.0151    1.0000
  12.000   1.4930   0.01471   0.00944   -0.0397   0.0141    1.0000
  12.250   1.5148   0.01504   0.00978   -0.0389   0.0139    1.0000
  12.500   1.5358   0.01541   0.01016   -0.0380   0.0136    1.0000
  12.750   1.5557   0.01581   0.01058   -0.0368   0.0131    1.0000
  13.000   1.5736   0.01624   0.01102   -0.0354   0.0127    1.0000
  13.250   1.5890   0.01672   0.01152   -0.0335   0.0122    1.0000
  13.500   1.6029   0.01730   0.01212   -0.0314   0.0115    1.0000
  13.750   1.6186   0.01780   0.01265   -0.0297   0.0114    1.0000
  14.000   1.6345   0.01830   0.01318   -0.0282   0.0112    1.0000
  14.250   1.6495   0.01886   0.01377   -0.0265   0.0110    1.0000
  14.500   1.6639   0.01947   0.01441   -0.0249   0.0108    1.0000
  14.750   1.6774   0.02015   0.01511   -0.0233   0.0105    1.0000
  15.000   1.6901   0.02091   0.01590   -0.0216   0.0102    1.0000
  15.250   1.7014   0.02178   0.01680   -0.0200   0.0099    1.0000
  15.500   1.7115   0.02277   0.01783   -0.0183   0.0095    1.0000
  15.750   1.7192   0.02397   0.01908   -0.0165   0.0091    1.0000
  16.000   1.7299   0.02500   0.02016   -0.0152   0.0091    1.0000
  16.250   1.7404   0.02609   0.02129   -0.0139   0.0090    1.0000
  16.500   1.7498   0.02730   0.02255   -0.0127   0.0089    1.0000
  16.750   1.7584   0.02863   0.02393   -0.0116   0.0088    1.0000
  17.000   1.7661   0.03010   0.02544   -0.0107   0.0087    1.0000
  17.250   1.7726   0.03171   0.02710   -0.0097   0.0086    1.0000
  17.500   1.7780   0.03348   0.02894   -0.0089   0.0084    1.0000
  17.750   1.7825   0.03542   0.03092   -0.0083   0.0083    1.0000
  18.000   1.7853   0.03758   0.03314   -0.0078   0.0082    1.0000
  18.250   1.7867   0.03995   0.03557   -0.0074   0.0081    1.0000
  18.500   1.7867   0.04256   0.03824   -0.0071   0.0079    1.0000
  18.750   1.7852   0.04546   0.04122   -0.0071   0.0078    1.0000
  19.000   1.7819   0.04863   0.04446   -0.0073   0.0076    1.0000
  19.250   1.7761   0.05223   0.04813   -0.0077   0.0075    1.0000
  19.500   1.7685   0.05614   0.05214   -0.0084   0.0074    1.0000
  19.750   1.7573   0.06063   0.05672   -0.0093   0.0072    1.0000
  20.000   1.7444   0.06544   0.06164   -0.0105   0.0071    1.0000
