1.939219 27.177968 0.438398 37.555999 0.548802 38.428623 0.574645 0.000000 0.000000 0.000000 0.345997 0.000000 0.000000 0.800000 0.000000 0.345997 0.821163 0.000000 2.100000 0.000000 0.145000 -0.139167 0.066667 2.150000 0.000000 0.145000 0.866605 0.166667 2.165000 0.280955 0.145000 -0.846458 0.166667 2.180000 0.900000 0.145000 -0.982354 
1.958638 26.914554 0.404813 30.858546 0.450801 33.878505 0.507589 -0.000000 0.000000 0.000000 0.361645 -0.000000 0.000090 0.846687 0.000000 0.345694 0.777866 0.001385 2.102153 0.000179 0.156878 -0.080674 0.067575 2.152153 0.004167 0.146649 0.866642 0.165453 2.167155 0.280956 0.146649 -0.850785 0.171716 2.182366 0.878422 0.140332 -0.982333 
1.934881 25.809782 0.399538 34.896742 0.509882 35.414418 0.529799 -0.000000 0.000000 0.000000 0.358492 -0.000000 0.000094 0.837340 0.000000 0.343651 0.747688 0.010753 2.149496 0.000157 0.150968 -0.089264 0.070193 2.200114 0.003635 0.145308 0.866392 0.165637 2.215155 0.280370 0.143038 -0.823262 0.167217 2.230306 0.735031 0.140276 -0.975927 
1.952835 26.915783 0.419048 36.372424 0.531545 37.376461 0.558854 -0.000000 0.000000 0.000000 0.361645 -0.000000 0.000090 0.846687 0.000000 0.341368 0.773540 0.001385 2.102153 0.000179 0.156878 -0.085000 0.067575 2.152153 0.004167 0.146649 0.866642 0.165453 2.167155 0.285282 0.146649 -0.855111 0.171716 2.182366 0.878422 0.140332 -0.982333 
2.093584 27.325164 0.405152 30.179380 0.442349 32.678080 0.486863 0.000000 0.000000 0.000000 0.345997 0.000000 0.000000 2.000000 0.000000 0.345997 0.821163 0.000000 2.100000 0.000000 0.145000 -0.139167 0.066667 2.150000 0.000000 0.145000 0.866605 0.166667 2.165000 0.280955 0.145000 -0.846458 0.166667 2.180000 0.900000 0.145000 -0.982354 
1.946609 27.730908 0.406022 30.983895 0.452581 36.003190 0.545797 -0.000000 -0.000000 0.000000 0.359543 -0.000000 0.000099 0.845436 0.000000 0.340373 0.708724 0.001528 2.108309 0.000187 0.152142 -0.142648 0.067398 2.158309 0.003482 0.146380 0.866613 0.165452 2.173366 0.280970 0.142677 -0.812110 0.167585 2.188569 0.881190 0.140622 -0.936873 
1.948885 26.931864 0.428569 38.362571 0.599311 37.986115 0.602566 -0.000000 -0.000000 0.000000 0.361991 -0.000000 0.000080 0.848967 0.000000 0.342571 0.750834 0.001249 2.104357 0.000240 0.152252 5.000000 0.067495 2.154379 0.003420 0.146776 0.866637 0.165410 2.169403 0.280969 0.142712 -0.852997 0.167479 2.184609 0.875768 0.139782 -0.994200 
1.946296 27.864089 0.434714 28.849239 0.490934 32.113666 0.556128 -0.000000 0.000000 0.000000 0.361645 -0.000000 0.000090 0.846687 0.000000 0.341368 5.000000 0.001385 2.102153 0.000179 0.152551 -0.085000 0.067575 2.152153 0.004167 0.146649 0.866642 0.165453 2.167155 0.280956 0.142323 -0.855111 0.167390 2.182366 0.878422 0.140332 -0.982333 
1.953992 27.585846 0.403853 30.806426 0.449963 35.739747 0.541808 -0.000000 -0.000000 0.000000 0.361407 -0.000000 0.000110 0.849906 0.000000 0.343071 0.717826 0.001477 2.108651 0.000246 0.155837 -0.098025 0.067513 2.158854 0.005710 0.146042 0.854355 0.167513 2.173996 0.280964 0.142748 -0.830053 0.170299 2.189506 0.877644 0.140458 -0.956538 
1.950667 28.788180 0.421225 36.675209 0.536019 40.459801 0.614999 -0.000000 -0.000000 0.000000 0.361991 -0.000000 0.000080 0.848967 0.000000 0.342571 0.750834 0.001249 2.104357 0.003170 0.152252 -0.096099 0.070425 2.154379 0.003420 0.146776 0.866637 0.165410 2.169403 0.283899 0.142712 -0.850067 0.167479 2.184609 0.878698 0.142712 -0.991270 
1.850407 26.979195 0.426551 50.481074 0.764233 46.880818 0.713058 -0.000000 -0.000000 0.000000 0.362206 -0.000000 0.000078 0.844799 0.000000 0.278269 0.685613 0.067741 2.100002 0.000183 0.152132 -0.089999 0.067741 2.150002 0.004376 0.145837 0.866632 0.165492 2.165002 0.280958 0.142882 -0.812340 0.167261 2.180209 0.819869 0.140068 -0.982319 
1.942171 27.017298 0.408446 31.155245 0.455079 34.306174 0.513762 -0.000000 -0.000000 0.000000 0.356640 -0.000000 0.000061 0.831972 0.000000 0.341060 0.707645 0.001186 2.100001 0.000130 0.152155 -0.061199 0.067467 2.150001 0.004172 0.145477 0.866662 0.165788 2.165001 0.280951 0.142548 -0.822705 0.167109 2.180004 0.887141 0.140313 -0.982351 
1.952470 27.876189 0.408048 31.033873 0.453250 36.979598 0.563585 -0.000000 -0.000000 0.000000 0.362098 -0.000000 0.000041 0.840858 0.000000 0.345556 0.726265 0.001155 2.100001 0.000000 0.151958 -0.070207 0.067444 2.150001 0.005786 0.146406 0.866675 0.165585 2.165001 0.280955 0.142324 -0.846398 0.167020 2.180012 0.888670 0.140937 -0.982343 
1.937987 27.056149 0.409528 31.279980 0.456894 34.413546 0.515398 -0.000000 -0.000000 0.000000 0.356640 -0.000000 0.000061 0.800000 0.000000 0.341060 0.707645 0.001186 2.100001 0.000130 0.152155 -0.061199 0.067467 2.150001 0.004172 0.145477 0.866662 0.165788 2.165001 0.280951 0.142548 -0.822704 0.167109 2.180004 0.887141 0.140313 -0.982351 
1.954085 27.887661 0.408295 31.114655 0.454481 37.043869 0.564771 -0.000000 -0.000000 0.000000 0.362206 -0.000000 0.000078 0.844799 0.000000 0.344620 0.751963 0.001390 2.100002 0.000183 0.152132 -0.089999 0.067741 2.150002 0.004376 0.145837 0.866632 0.165492 2.165002 0.280958 0.142882 -0.812340 0.167261 2.180209 0.900000 0.140068 -0.982319 
1.946958 27.827316 0.407405 31.038515 0.453362 36.005584 0.545788 -0.000000 -0.000000 0.000000 0.358880 -0.000000 0.000067 0.849507 0.000000 0.342597 0.718878 0.001129 2.100003 0.000122 0.151750 -0.116108 0.067596 2.150003 0.004375 0.146824 0.866644 0.165444 2.165003 0.280960 0.142935 -0.783372 0.167182 2.180142 0.881980 0.140351 -0.982344 
1.845246 26.305806 0.384930 27.924019 0.407760 34.389284 0.532380 -0.000000 -0.000000 0.000000 0.362206 -0.000000 0.000078 0.844799 0.000000 0.344620 0.751963 0.001390 2.100002 0.000183 0.152132 -0.089999 0.067741 2.150002 0.004376 0.145837 0.866632 0.165492 2.165002 0.280958 0.142882 -0.812340 0.167261 2.180209 0.290958 0.140068 -0.982319 
1.952687 27.599000 0.404122 30.854569 0.450715 35.820840 0.543100 -0.000000 -0.000000 0.000000 0.361407 -0.000000 0.000110 0.847706 0.000000 0.343071 0.717826 0.001477 2.108651 0.000246 0.153637 -0.100226 0.067513 2.158854 0.003510 0.148243 0.854355 0.167513 2.173996 0.280964 0.142748 -0.827852 0.168098 2.189506 0.877644 0.140458 -0.956538 
2.148632 23.457911 0.342620 29.905453 0.442017 32.454700 0.496741 -0.000000 0.000000 0.000000 0.362206 -0.000000 0.000078 0.844799 0.000000 0.344620 0.751963 0.001390 2.719793 0.000183 0.152132 -0.089999 0.067741 2.769793 0.004376 0.145837 0.866632 0.165492 2.784793 0.280958 0.142882 -0.812340 0.167261 2.800000 0.886219 0.140068 -0.982319 
1.952203 26.507926 0.400095 30.467062 0.445107 33.223561 0.497755 -0.000000 -0.000000 0.000000 0.361598 -0.000000 0.000097 0.847835 0.000000 0.344365 0.729010 0.001325 2.100000 0.000244 0.154645 -0.079210 0.067735 2.150097 0.003655 0.146442 0.866645 0.165269 2.165253 0.280978 0.142608 -0.813926 0.167469 2.219648 0.877070 0.139830 -0.957778 
1.771995 37.561333 0.572778 43.787940 0.664264 52.512036 0.808562 -0.000000 0.000000 0.000000 0.546994 -0.000000 0.000000 0.800000 0.000000 0.145000 0.821163 0.000000 2.100000 0.000000 0.145000 -0.139167 0.066667 2.150000 0.000000 0.145000 0.866605 0.166667 2.165000 0.280955 0.145000 -0.846458 0.166667 2.180000 0.900000 0.145000 -0.982354 
2.148632 23.457911 0.342620 29.905453 0.442017 32.454700 0.496741 -0.000000 0.000000 0.000000 0.362206 -0.000000 0.000078 0.844799 0.000000 0.344620 0.751963 0.001390 2.719793 0.000183 0.152132 -0.089999 0.067741 2.769793 0.004376 0.145837 0.866632 0.165492 2.784793 0.280958 0.142882 -0.812340 0.167261 2.800000 0.886219 0.140068 -0.982319 
2.095029 26.863826 0.395271 29.311663 0.429512 32.037746 0.477243 -0.000000 -0.000000 0.000000 0.356640 -0.000000 0.000061 2.000000 0.000000 0.341060 0.707645 0.001186 2.100001 0.000130 0.152155 -0.061199 0.067467 2.150001 0.004172 0.145477 0.866662 0.165788 2.165001 0.280951 0.142548 -0.822704 0.167109 2.180004 0.887141 0.140313 -0.982351 
1.951522 27.037459 0.408488 31.234178 0.456243 34.279956 0.513423 -0.000000 -0.000000 0.000000 0.358679 -0.000000 0.000027 0.835156 0.000000 0.346255 0.760605 0.002048 2.100000 0.001257 0.151266 -0.139167 0.068003 2.150000 0.004229 0.145956 0.867854 0.167247 2.165000 0.280949 0.143982 -0.845211 0.167247 2.180003 0.890860 0.140443 -0.982351 
1.974700 27.835489 0.407464 30.757025 0.449218 35.582296 0.539220 -0.000000 -0.000000 0.000000 0.362098 -0.000000 0.000041 0.840858 0.000000 0.362098 0.726265 0.001155 2.100001 0.000075 0.151958 -0.070207 0.067444 2.150001 0.005786 0.146406 0.866675 0.165585 2.165001 0.280955 0.142324 -0.846398 0.167020 2.180012 0.888670 0.140937 -0.982343 
1.946725 27.730850 0.406020 30.984723 0.452592 36.003472 0.545799 -0.000000 -0.000000 0.000000 0.359570 -0.000000 0.000126 0.845436 0.000000 0.340427 0.708751 0.001555 2.108336 0.000214 0.152142 -0.142648 0.067424 2.158336 0.003535 0.146380 0.866640 0.165452 2.173393 0.280970 0.142704 -0.812137 0.167611 2.188596 0.881217 0.140648 -0.936846 
1.952384 30.581394 0.447036 35.735603 0.521295 45.396505 0.693432 -0.000000 -0.000000 0.000000 0.362098 -0.000000 0.000041 0.840858 0.000000 0.345556 0.726265 0.001155 2.100001 0.000075 0.151958 -0.070207 0.067444 2.150001 0.005786 0.146406 0.866675 0.165585 2.165001 0.280955 0.142324 -5.000000 0.167020 2.180012 0.888670 0.140937 -0.982343 
1.952225 27.604153 0.404193 30.940721 0.451969 35.877266 0.543911 -0.000000 -0.000000 0.000000 0.361407 -0.000000 0.001477 0.847706 0.000000 0.343071 0.717826 0.001477 2.108651 0.000246 0.153637 -0.100226 0.067513 2.158854 0.003510 0.146042 0.854355 0.165312 2.173996 0.280964 0.142748 -0.830053 0.168098 2.189506 0.877644 0.140458 -0.956538 
1.946725 27.730850 0.406020 30.984723 0.452592 36.003472 0.545799 -0.000000 -0.000000 0.000000 0.359570 -0.000000 0.000126 0.845436 0.000000 0.340427 0.708751 0.001555 2.108336 0.000214 0.152142 -0.142648 0.067424 2.158336 0.003535 0.146380 0.866640 0.165452 2.173393 0.280970 0.142704 -0.812137 0.167611 2.188596 0.881217 0.140648 -0.936846 
1.950605 27.028950 0.408270 31.112182 0.454423 34.177536 0.511881 -0.000000 -0.000000 0.000000 0.358679 -0.000000 0.000027 0.835156 0.000000 0.346255 0.760605 0.000801 2.100000 0.000010 0.151266 -0.139167 0.066756 2.150000 0.004229 0.147203 0.866608 0.166000 2.165000 0.280949 0.142735 -0.846458 0.167247 2.180004 0.890860 0.139196 -0.982351 
1.952411 27.831628 0.407661 31.262228 0.456760 37.090826 0.565462 -0.000000 -0.000000 0.000000 0.362098 -0.000000 0.000041 0.840858 0.000000 0.345556 0.726265 0.001155 2.100001 0.005786 0.151958 -0.070207 0.067444 2.150001 0.005786 0.146406 0.866675 0.165585 2.165001 0.280955 0.142324 -0.846398 0.167020 2.180012 0.888670 0.140937 -0.982343 
1.941472 28.712223 0.419932 36.402396 0.531874 40.360459 0.613662 -0.000000 0.000000 0.000000 0.361645 -0.000000 0.000090 0.846687 0.000000 0.339431 0.771603 0.001385 2.102153 0.000179 0.150614 -0.086937 0.067575 2.152153 0.004167 0.146649 0.866642 0.165453 2.167155 0.280956 0.140386 -0.857048 0.165453 2.182366 0.878422 0.140332 -0.982333 
2.125346 25.660244 0.377862 28.472038 0.417707 35.346288 0.536490 -0.000000 -0.000000 0.000000 0.359543 -0.000000 0.000099 0.845436 0.000000 0.340400 0.708724 0.001528 2.155373 0.000214 0.340400 -0.142648 0.067424 2.205400 0.003509 0.146380 0.866640 0.165452 2.220431 0.280970 0.142677 -0.812137 0.167585 2.235661 0.881190 0.140622 -0.936873 
1.938773 31.816511 0.466335 53.810752 0.785635 118.659956 1.731295 -0.000000 -0.000000 0.000000 0.345997 -0.000000 0.000000 0.800000 0.000000 0.345997 -5.000000 0.000000 2.100000 0.000000 0.145000 -0.139167 0.066667 2.150000 0.000000 0.145000 0.866605 0.166667 2.165000 0.280955 0.145000 -0.846458 0.166667 2.180000 0.900000 0.145000 -0.982354 
1.952353 25.592649 0.397401 39.825230 0.591001 37.712865 0.569416 -0.000000 -0.000000 0.000000 0.362098 -0.000000 0.000041 0.840858 0.000000 0.345556 0.726265 0.001155 2.100001 0.000075 0.151958 -0.070207 0.067444 2.150001 0.005786 0.146406 0.866675 0.165585 2.165001 0.280955 0.142324 5.000000 0.167020 2.180012 0.888670 0.140937 -0.982343 
1.972606 27.844041 0.407661 30.855038 0.450696 35.749146 0.541909 -0.000000 -0.000000 0.000000 0.362206 -0.000000 0.000078 0.844799 0.000000 0.358400 0.765744 0.001390 2.100002 0.000183 0.152132 -0.103780 0.067741 2.150002 0.004376 0.145837 0.866632 0.165492 2.165002 0.280958 0.142882 -0.812340 0.167261 2.180209 0.900000 0.140068 -0.982319 
1.938747 30.219187 0.441342 48.770583 0.883220 44.196028 0.792835 0.000000 0.000000 0.000000 0.345997 0.000000 0.000000 0.800000 0.000000 0.345997 5.000000 0.000000 2.100000 0.000000 0.145000 -0.139167 0.066667 2.150000 0.000000 0.145000 0.866605 0.166667 2.165000 0.280955 0.145000 -0.846458 0.166667 2.180000 0.900000 0.145000 -0.982354 
1.954915 26.808325 0.403346 30.757283 0.449305 33.760204 0.505706 -0.000000 -0.000000 0.000000 0.361598 -0.000000 0.000097 0.847835 0.000000 0.344365 0.729010 0.001325 2.109784 0.000244 0.154645 -0.079210 0.067735 2.159881 0.003655 0.146442 0.866645 0.165269 2.175038 0.280978 0.142608 -0.813926 0.165269 2.190294 0.877070 0.139830 -0.957778 
1.952469 28.067868 0.410555 31.309790 0.457063 39.223777 0.602921 -0.000000 -0.000000 0.000000 0.362098 -0.000000 0.000041 0.840858 0.000000 0.345556 0.726265 0.001155 2.100001 0.000075 0.151958 -0.070207 0.101155 2.150001 0.005786 0.146406 0.866675 0.165585 2.165001 0.280955 0.142324 -0.846398 0.167020 2.180012 0.888670 0.140937 -0.982343 
1.933028 26.893326 0.436806 37.015112 0.540815 38.020461 0.568149 -0.000000 -0.000000 0.000000 0.359887 -0.000000 0.000085 0.839947 0.000000 0.336390 0.727680 0.000796 2.100003 0.000186 0.146344 -0.063850 0.067208 2.150003 0.003107 0.146344 0.866632 0.165298 2.165003 0.280958 0.143078 -0.850016 0.167761 2.180011 0.886162 0.137037 -0.978319 
1.956074 27.871874 0.408118 31.077891 0.453974 36.110910 0.547589 -0.000000 -0.000000 0.000000 0.358679 -0.000000 0.000027 0.838695 0.000000 0.346255 0.760605 0.004340 2.100000 0.000010 0.154806 -0.139167 0.066756 2.150000 0.004229 0.147203 0.870147 0.166000 2.165000 0.280949 0.142735 -0.842919 0.167247 2.180003 0.894399 0.142735 -0.982351 
1.951625 27.179216 0.418279 40.615290 0.593885 40.024982 0.597992 -0.000000 -0.000000 0.000000 0.362636 -0.000000 0.000098 0.841191 0.000000 0.343405 0.736797 0.067722 2.105531 0.000256 0.154281 -0.168773 0.067722 2.155729 0.004189 0.145917 0.866644 0.165460 2.170868 0.280965 0.142702 -0.836233 0.167505 2.186452 0.876340 0.140492 -0.965123 
1.937987 27.056149 0.409528 31.279980 0.456894 34.413546 0.515398 -0.000000 -0.000000 0.000000 0.356640 -0.000000 0.000061 0.800000 0.000000 0.341060 0.707645 0.001186 2.100001 0.000130 0.152155 -0.061199 0.067467 2.150001 0.004172 0.145477 0.866662 0.165788 2.165001 0.280951 0.142548 -0.822704 0.167109 2.180004 0.887141 0.140313 -0.982351 
1.950605 27.028950 0.408270 31.112182 0.454423 34.177536 0.511881 -0.000000 -0.000000 0.000000 0.358679 -0.000000 0.000027 0.835156 0.000000 0.346255 0.760605 0.000801 2.100000 0.000010 0.151266 -0.139167 0.066756 2.150000 0.004229 0.147203 0.866608 0.166000 2.165000 0.280949 0.142735 -0.846458 0.167247 2.180004 0.890860 0.139196 -0.982351 
1.985869 26.986858 0.395462 30.562531 0.446757 35.336365 0.535928 -0.000000 -0.000000 0.000000 0.359887 -0.000000 0.000085 0.839947 0.000000 0.359887 0.727680 0.000796 2.100003 0.000186 0.169841 -0.063850 0.067208 2.150003 0.003107 0.146344 0.866632 0.165298 2.165003 0.280958 0.143078 -0.869486 0.167761 2.180011 0.886162 0.141064 -0.982346 
1.939219 27.177988 0.438398 37.556015 0.548802 38.428636 0.574645 -0.000000 -0.000000 0.000000 0.345997 0.000000 0.000000 0.800000 0.000000 0.345997 0.821163 0.000000 2.100000 0.000000 0.145000 -0.139167 0.066667 2.150000 0.000000 0.145000 0.866605 0.166667 2.165000 0.280955 0.145000 -0.846458 0.166667 2.180000 0.900000 0.145000 -0.982354 
1.978184 27.510017 0.402847 30.687705 0.448297 35.447680 0.537253 -0.000000 -0.000000 0.000000 0.361598 -0.000000 0.000097 0.847835 0.000000 0.361598 0.729010 0.001325 2.109784 0.000244 0.154645 -0.079210 0.067735 2.159881 0.003655 0.146442 0.866645 0.165269 2.175038 0.280978 0.142608 -0.813926 0.184702 2.190294 0.877070 0.139830 -0.957778 
1.950307 30.142787 0.440019 34.909503 0.508930 56.893646 0.848917 -0.000000 -0.000000 0.000000 0.358679 -0.000000 0.000027 0.835156 0.000000 0.346255 0.760605 0.000801 2.100000 0.000010 0.151266 -5.000000 0.066756 2.150000 0.004229 0.147203 0.866608 0.166000 2.165000 0.280949 0.142735 -0.846458 0.167247 2.180003 0.890860 0.139196 -0.982351 
1.947441 28.769669 0.420872 36.361071 0.531359 40.243769 0.611774 -0.000000 -0.000000 0.000000 0.361991 -0.000000 0.000080 0.848967 0.000000 0.342571 0.750834 0.000080 2.103189 0.000240 0.151084 -0.099029 0.066327 2.153211 0.002252 0.145608 0.866637 0.164242 2.169403 0.280969 0.142712 -0.854165 0.167479 2.184609 0.874599 0.139782 -0.995368 
1.939219 27.177784 0.438397 37.555898 0.548801 38.428544 0.574644 -0.000000 -0.000000 0.000000 0.345997 -0.000000 0.000000 0.800000 0.000000 0.345997 0.821163 0.000000 2.100000 0.000000 0.145000 -0.139167 0.066667 2.150000 0.000000 0.145000 0.866605 0.166667 2.165000 0.280955 0.145000 -0.846458 0.166667 2.180000 0.900000 0.145000 -0.982354 
1.843776 26.338928 0.385389 27.969825 0.408410 31.633850 0.481543 -0.000000 -0.000000 0.000000 0.358679 -0.000000 0.000027 0.835156 0.000000 0.346255 0.760605 0.000801 2.100000 0.000010 0.151266 -0.139167 0.066756 2.150000 0.004229 0.147203 0.866608 0.166000 2.165000 0.280949 0.142735 -0.846458 0.167247 2.180003 0.290949 0.139196 -0.982351 
1.952115 26.626134 0.402108 30.758832 0.449385 33.684284 0.504545 -0.000000 -0.000000 0.000000 0.361598 -0.000000 0.000097 0.847835 0.000000 0.344365 0.729010 0.001325 2.100000 0.000244 0.154645 -0.079210 0.067735 2.150097 0.003655 0.146442 0.866645 0.165269 2.184822 0.280978 0.142608 -0.813926 0.167469 2.200079 0.877070 0.139830 -0.957778 
1.939219 27.177848 0.438397 37.555932 0.548801 38.428566 0.574644 -0.000000 -0.000000 0.000000 0.345997 -0.000000 0.000000 0.800000 0.000000 0.345997 0.821163 0.000000 2.100000 0.000000 0.145000 -0.139167 0.066667 2.150000 0.000000 0.145000 0.866605 0.166667 2.165000 0.280955 0.145000 -0.846458 0.166667 2.180000 0.900000 0.145000 -0.982354 
1.946958 27.827316 0.407405 31.038515 0.453362 36.005584 0.545788 -0.000000 -0.000000 0.000000 0.358880 -0.000000 0.000067 0.849507 0.000000 0.342597 0.718878 0.001129 2.100003 0.000122 0.151750 -0.116108 0.067596 2.150003 0.004375 0.146824 0.866644 0.165444 2.165003 0.280960 0.142935 -0.783372 0.167182 2.180142 0.881980 0.140351 -0.982344 
1.941764 28.986695 0.424081 36.772227 0.537397 40.771874 0.619717 -0.000000 -0.000000 0.000000 0.360489 -0.000000 0.000000 0.840471 0.000000 0.338418 0.753251 0.000784 2.100000 0.000000 0.149968 -0.139167 0.067007 2.150000 0.000638 0.146394 0.866605 0.165399 2.165000 0.280955 0.142277 -0.846458 0.167595 2.180000 0.891162 0.141362 -0.982354 
1.954915 26.808325 0.403346 30.757283 0.449305 33.760204 0.505706 -0.000000 -0.000000 0.000000 0.361598 -0.000000 0.000097 0.847835 0.000000 0.344365 0.729010 0.001325 2.109784 0.000244 0.154645 -0.079210 0.067735 2.159881 0.003655 0.146442 0.866645 0.165269 2.175038 0.280978 0.142608 -0.813926 0.165269 2.190294 0.877070 0.139830 -0.957778 
1.950463 29.842079 0.437118 43.053093 0.674013 41.116651 0.652310 -0.000000 -0.000000 0.000000 0.358679 -0.000000 0.000027 0.835156 0.000000 0.346255 0.760605 0.000801 2.100000 0.000010 0.151266 5.000000 0.066756 2.150000 0.004229 0.147203 0.866608 0.166000 2.165000 0.280949 0.142735 -0.846458 0.167247 2.180003 0.890860 0.139196 -0.982351 
1.946646 27.736108 0.406096 30.985991 0.452610 36.006408 0.545833 -0.000000 -0.000000 0.000000 0.359543 -0.000000 0.001528 0.845436 0.000000 0.340400 0.708724 0.001528 2.108309 0.000214 0.152142 -0.142648 0.067424 2.158336 0.003509 0.146380 0.866640 0.165452 2.173366 0.280970 0.142677 -0.812137 0.167585 2.188596 0.881190 0.140622 -0.936873 
1.941764 28.986695 0.424081 36.772227 0.537397 40.771874 0.619717 -0.000000 -0.000000 0.000000 0.360489 -0.000000 0.000000 0.840471 0.000000 0.338418 0.753251 0.000784 2.100000 0.000000 0.149968 -0.139167 0.067007 2.150000 0.000638 0.146394 0.866605 0.165399 2.165000 0.280955 0.142277 -0.846458 0.167595 2.180000 0.891162 0.141362 -0.982354 
1.942815 27.079570 0.409708 31.370799 0.458220 34.507954 0.516743 -0.000000 -0.000000 0.000000 0.356640 -0.000000 0.000061 0.819114 0.000000 0.341060 0.707645 0.001186 2.100001 0.000130 0.152155 -0.074057 0.067467 2.150001 0.004172 0.145477 0.866662 0.165788 2.165001 0.280951 0.142548 -0.822704 0.167109 2.180004 0.900000 0.140313 -0.982351 
1.948731 29.471514 0.430253 34.637972 0.504978 53.182037 0.791498 -0.000000 -0.000000 0.000000 0.361991 -0.000000 0.000080 0.848967 0.000000 0.342571 0.750834 0.001249 2.104357 0.000240 0.152252 -5.000000 0.067495 2.154379 0.003420 0.146776 0.866637 0.165410 2.169403 0.280969 0.142712 -0.852997 0.167479 2.184609 0.875768 0.139782 -0.994200 
1.952469 28.067868 0.410555 31.309790 0.457063 39.223777 0.602921 -0.000000 -0.000000 0.000000 0.362098 -0.000000 0.000041 0.840858 0.000000 0.345556 0.726265 0.001155 2.100001 0.000075 0.151958 -0.070207 0.101155 2.150001 0.005786 0.146406 0.866675 0.165585 2.165001 0.280955 0.142324 -0.846398 0.167020 2.180012 0.888670 0.140937 -0.982343 
1.939219 27.177968 0.438398 37.555999 0.548802 38.428623 0.574645 0.000000 0.000000 0.000000 0.345997 0.000000 0.000000 0.800000 0.000000 0.345997 0.821163 0.000000 2.100000 0.000000 0.145000 -0.139167 0.066667 2.150000 0.000000 0.145000 0.866605 0.166667 2.165000 0.280955 0.145000 -0.846458 0.166667 2.180000 0.900000 0.145000 -0.982354 
1.939287 28.881758 0.422551 36.651214 0.535634 40.566519 0.616699 -0.000000 -0.000000 0.000000 0.360489 -0.000000 0.000000 0.840471 0.000000 0.338418 0.753251 0.000784 2.100000 0.000000 0.149968 -0.139167 0.067007 2.150000 0.000638 0.146394 0.866605 0.165399 2.165000 0.280955 0.146394 -0.846458 0.167595 2.180000 0.891162 0.129009 -0.982354 
1.951625 27.178354 0.418279 40.614836 0.593886 40.024677 0.597993 -0.000000 -0.000000 0.000000 0.362636 -0.000000 0.000098 0.841191 0.000000 0.343405 0.736797 0.067722 2.105531 0.000256 0.154281 -0.168773 0.067722 2.155729 0.004189 0.145917 0.866644 0.165460 2.170868 0.280965 0.142702 -0.836233 0.167505 2.186452 0.876340 0.140492 -0.965123 
1.761052 28.502633 0.456813 51.866081 0.784481 50.057835 0.763782 0.000000 -0.000000 -0.000000 0.250000 -0.000000 0.000000 0.800000 -0.000000 0.250000 0.821163 0.000000 2.100000 0.000000 0.145000 -0.139167 0.066667 2.150000 0.000000 0.145000 0.866605 0.166667 2.165000 0.280955 0.145000 -0.846458 0.166667 2.180000 0.900000 0.145000 -0.982354 
1.939219 27.177969 0.438398 37.556000 0.548802 38.428624 0.574645 0.000000 0.000000 0.000000 0.345997 0.000000 0.000000 0.800000 0.000000 0.345997 0.821163 0.000000 2.100000 0.000000 0.145000 -0.139167 0.066667 2.150000 0.000000 0.145000 0.866605 0.166667 2.165000 0.280955 0.145000 -0.846458 0.166667 2.180000 0.900000 0.145000 -0.982354 
1.958638 26.914554 0.404813 30.858546 0.450801 33.878505 0.507589 -0.000000 0.000000 0.000000 0.361645 -0.000000 0.000090 0.846687 0.000000 0.345694 0.777866 0.001385 2.102153 0.000179 0.156878 -0.080674 0.067575 2.152153 0.004167 0.146649 0.866642 0.165453 2.167155 0.280956 0.146649 -0.850785 0.171716 2.182366 0.878422 0.140332 -0.982333 
1.946312 31.196875 0.457173 50.316513 0.734579 107.443361 1.567532 -0.000000 0.000000 0.000000 0.361645 -0.000000 0.000090 0.846687 0.000000 0.341368 -5.000000 0.001385 2.102153 0.000179 0.152551 -0.085000 0.067575 2.152153 0.004167 0.146649 0.866642 0.165453 2.167155 0.280956 0.142323 -0.855111 0.167390 2.182366 0.878422 0.140332 -0.982333 
1.952181 27.672667 0.405173 30.938305 0.451919 35.872172 0.543825 -0.000000 -0.000000 0.000000 0.361407 -0.000000 0.000110 0.847706 0.000000 0.343071 0.717826 0.001477 2.108778 0.000246 0.153637 -0.100226 0.067513 2.158982 0.004020 0.146042 0.854355 0.165822 2.174633 0.280964 0.142748 -0.830053 0.168098 2.189633 0.877644 0.140458 -0.956538 
1.939219 27.177968 0.438398 37.555999 0.548802 38.428623 0.574645 0.000000 0.000000 0.000000 0.345997 0.000000 0.000000 0.800000 0.000000 0.345997 0.821163 0.000000 2.100000 0.000000 0.145000 -0.139167 0.066667 2.150000 0.000000 0.145000 0.866605 0.166667 2.165000 0.280955 0.145000 -0.846458 0.166667 2.180000 0.900000 0.145000 -0.982354 
1.939219 27.177968 0.438398 37.555999 0.548802 38.428623 0.574645 0.000000 0.000000 -0.000000 0.345997 0.000000 0.000000 0.800000 -0.000000 0.345997 0.821163 0.000000 2.100000 0.000000 0.145000 -0.139167 0.066667 2.150000 0.000000 0.145000 0.866605 0.166667 2.165000 0.280955 0.145000 -0.846458 0.166667 2.180000 0.900000 0.145000 -0.982354 
1.946959 27.827314 0.407405 31.038512 0.453362 36.005578 0.545788 -0.000000 -0.000000 0.000000 0.358880 -0.000000 0.000067 0.849507 0.000000 0.342597 0.718878 0.001129 2.100003 0.000122 0.151750 -0.116108 0.067596 2.150003 0.004375 0.146824 0.866644 0.165444 2.165003 0.280960 0.142935 -0.783371 0.167182 2.180142 0.881980 0.140351 -0.982344 
1.939220 28.051143 0.443693 37.813019 0.552129 38.780756 0.579562 -0.000000 -0.000000 0.000000 0.345997 0.000000 0.000000 0.800000 0.000000 0.345997 0.821163 0.000000 2.100000 0.000000 0.145000 -0.139167 0.100000 2.150000 0.000000 0.145000 0.866605 0.150000 2.165000 0.280955 0.145000 -0.846458 0.150000 2.180000 0.900000 0.145000 -0.982354 
1.939219 27.177922 0.438398 37.555998 0.548802 38.428632 0.574645 0.000000 0.000000 0.000000 0.345997 0.000000 0.000000 0.800000 0.000000 0.345997 0.821163 0.000000 2.100000 0.000000 0.145000 -0.139167 0.066667 2.150000 0.000000 0.145000 0.866605 0.166667 2.165000 0.280955 0.145000 -0.846458 0.166667 2.180000 0.900000 0.145000 -0.982354 
1.954300 26.809193 0.403634 30.752268 0.449172 33.762071 0.505684 -0.000000 -0.000000 0.000000 0.361598 -0.000000 0.000097 0.847835 0.000000 0.344365 0.729010 0.001325 2.100000 0.000244 0.154645 -0.079210 0.067735 2.163142 0.003655 0.146442 0.866645 0.165269 2.178299 0.280978 0.142608 -0.813926 0.167469 2.193556 0.877070 0.139830 -0.957778 
1.952181 27.672667 0.405173 30.938305 0.451919 35.872172 0.543825 -0.000000 -0.000000 0.000000 0.361407 -0.000000 0.000110 0.847706 0.000000 0.343071 0.717826 0.001477 2.108778 0.000246 0.153637 -0.100226 0.067513 2.158982 0.004020 0.146042 0.854355 0.165822 2.174633 0.280964 0.142748 -0.830053 0.168098 2.189633 0.877644 0.140458 -0.956538 
1.942171 27.017298 0.408446 31.155245 0.455079 34.306174 0.513762 -0.000000 -0.000000 0.000000 0.356640 -0.000000 0.000061 0.831972 0.000000 0.341060 0.707645 0.001186 2.100001 0.000130 0.152155 -0.061199 0.067467 2.150001 0.004172 0.145477 0.866662 0.165788 2.165001 0.280951 0.142548 -0.822705 0.167109 2.180004 0.887141 0.140313 -0.982351 
1.939220 28.051162 0.443693 37.813010 0.552129 38.780752 0.579562 -0.000000 -0.000000 0.000000 0.345997 0.000000 0.000000 0.800000 0.000000 0.345997 0.821163 0.000000 2.100000 0.000000 0.145000 -0.139167 0.100000 2.150000 0.000000 0.145000 0.866605 0.150000 2.165000 0.280955 0.145000 -0.846458 0.150000 2.180000 0.900000 0.145000 -0.982354 
1.942757 26.934125 0.406953 31.175117 0.455419 34.323235 0.514000 -0.000000 -0.000000 0.000000 0.359543 -0.000000 0.000099 0.842142 0.000000 0.340400 0.708724 0.001528 2.104191 0.000214 0.148848 -0.142648 0.067424 2.157512 0.000214 0.146380 0.866640 0.162158 2.172543 0.280970 0.142677 -0.812137 0.167585 2.187773 0.877896 0.140622 -0.936873 
2.142001 21.017891 0.337768 38.296932 0.570331 35.429320 0.535905 -0.000000 -0.000000 0.000000 0.361645 -0.000000 0.000090 0.846687 0.000000 0.341368 0.773540 0.001385 2.719787 0.000179 0.152551 -0.085000 0.067575 2.769787 0.004167 0.146649 0.866642 0.165453 2.784789 0.280956 0.142323 -0.855111 0.167390 2.800000 0.878422 0.140332 1.488202 
1.953259 27.024334 0.421299 36.547515 0.534041 37.580350 0.561773 -0.000000 -0.000000 0.000000 0.361322 -0.000000 0.000074 0.842355 0.000000 0.344695 0.755738 0.004951 2.100002 0.000173 0.151743 -0.092681 0.067682 2.150002 0.004137 0.145791 0.866630 0.165556 2.165002 0.280958 0.142997 -0.814201 0.167229 2.180198 0.900000 0.140337 -0.982321 
1.958531 26.856562 0.393689 29.379162 0.429915 35.855806 0.553332 -0.000000 -0.000000 0.000000 0.345997 -0.000000 0.000000 0.800000 0.000000 0.345997 0.821163 0.000000 2.100000 0.000000 0.186667 -0.139167 0.066667 2.150000 0.000000 0.186667 0.866605 0.166667 2.165000 0.280955 0.186667 -0.846458 0.166667 2.180000 0.900000 0.020000 -0.982354 
1.949479 27.862886 0.407846 31.168836 0.455219 36.068406 0.546581 -0.000000 -0.000000 0.000000 0.358880 -0.000000 0.000067 0.849507 0.000000 0.347523 0.718878 0.001129 2.100003 0.000122 0.146824 -0.116108 0.067596 2.150003 0.004375 0.146824 0.866644 0.165444 2.165003 0.280960 0.142935 -0.783371 0.172108 2.180142 0.881980 0.140351 -0.982344 
1.913688 26.379091 0.386341 27.550399 0.402752 33.924787 0.514329 -0.000000 -0.000000 0.000000 0.356640 -0.000000 0.000061 1.428163 0.000000 0.341060 0.707645 0.001186 2.100001 0.000130 0.152155 0.534992 0.067467 2.150001 0.004172 0.145477 0.866662 0.165788 2.165001 0.280951 0.142548 -0.822704 0.167109 2.180004 0.290951 0.140313 -0.982351 
1.939219 27.177949 0.438398 37.555997 0.548802 38.428619 0.574644 -0.000000 -0.000000 0.000000 0.345997 -0.000000 0.000000 0.800000 0.000000 0.345997 0.821163 0.000000 2.100000 0.000000 0.145000 -0.139167 0.066667 2.150000 0.000000 0.145000 0.866605 0.166667 2.165000 0.280955 0.145000 -0.846458 0.166667 2.180000 0.900000 0.145000 -0.982354 
1.950074 25.514723 0.385297 28.183447 0.412756 29.832000 0.446814 -0.000000 -0.000000 0.000000 0.345997 -0.000000 0.000000 0.800000 0.000000 0.345997 0.821163 0.000000 2.100000 0.000000 0.250000 -0.139167 0.066667 2.150000 0.000000 0.250000 0.866605 0.166667 2.165000 0.280955 0.040000 -0.846458 0.166667 2.180000 0.900000 0.040000 -0.982354 
1.950667 28.788180 0.421225 36.675209 0.536019 40.459801 0.614999 -0.000000 -0.000000 0.000000 0.361991 -0.000000 0.000080 0.848967 0.000000 0.342571 0.750834 0.001249 2.104357 0.003170 0.152252 -0.096099 0.070425 2.154379 0.003420 0.146776 0.866637 0.165410 2.169403 0.283899 0.142712 -0.850067 0.167479 2.184609 0.878698 0.142712 -0.991270 
1.658055 32.787029 0.497396 45.146757 0.678847 53.850722 0.839974 -0.000000 -0.000000 0.000000 0.362206 -0.000000 0.000078 0.844799 0.000000 0.152132 0.559476 0.001390 2.100002 0.000183 0.152132 0.102488 0.067741 2.150002 0.004376 0.145837 0.866632 0.165492 2.165002 0.280958 0.142882 -0.812340 0.167261 2.180209 0.693732 0.140068 -0.982319 
1.944986 28.040068 0.410593 31.564413 0.461082 41.178812 0.635219 -0.000000 -0.000000 0.000000 0.360147 -0.000000 0.000048 0.844002 0.000000 0.340182 0.396833 0.001064 2.103523 0.000116 0.151185 -0.111139 0.066463 2.154447 0.002136 0.146101 0.865694 0.165350 2.169514 0.280090 0.143008 -0.833621 0.167576 2.184656 0.884379 0.139814 -0.971682 
2.033500 27.184457 0.400711 29.766072 0.436267 31.588028 0.470552 -0.000000 -0.000000 0.000000 0.345997 -0.000000 0.000000 0.800000 0.000000 0.345997 0.821163 0.000000 2.100000 0.000000 0.345997 -0.139167 0.066667 2.150000 0.000000 0.078001 0.866605 0.166667 2.165000 0.280955 0.078001 -0.846458 0.166667 2.180000 0.900000 0.078001 -0.982354 
1.934588 26.930759 0.437459 37.073982 0.541676 38.102442 0.569365 -0.000000 -0.000000 0.000000 0.359887 -0.000000 0.000085 0.839947 0.000000 0.336390 0.727680 0.000796 2.100003 0.000186 0.146344 -0.063850 0.067208 2.150003 0.003107 0.146344 0.866632 0.165298 2.165003 0.280958 0.143078 -0.845990 0.167761 2.180011 0.886162 0.141064 -0.982346 
1.952687 27.599000 0.404122 30.854569 0.450715 35.820840 0.543100 -0.000000 -0.000000 0.000000 0.361407 -0.000000 0.000110 0.847706 0.000000 0.343071 0.717826 0.001477 2.108651 0.000246 0.153637 -0.100226 0.067513 2.158854 0.003510 0.148243 0.854355 0.167513 2.173996 0.280964 0.142748 -0.827852 0.168098 2.189506 0.877644 0.140458 -0.956538 
1.948768 27.439867 0.415015 31.925898 0.466258 35.256965 0.527778 -0.000000 0.000000 0.000000 0.358944 -0.000000 0.000058 0.836342 0.000000 0.344130 0.767724 0.003590 2.101076 0.000113 0.151576 -0.089549 0.078108 2.151076 0.003925 0.146272 0.866646 0.165716 2.166077 0.280955 0.143396 -0.850175 0.167727 2.181186 0.885610 0.141373 -2.445039 
1.939219 27.752687 0.436849 42.550023 0.622339 41.627842 0.622277 0.000000 0.000000 -0.000000 0.345997 -0.000000 0.000000 0.800000 -0.000000 0.345997 0.821163 0.000000 2.100000 0.000000 0.145000 -0.139167 0.033333 2.150000 0.000000 0.145000 0.866605 0.133333 2.165000 0.280955 0.145000 -0.846458 0.233333 2.180000 0.900000 0.145000 -0.982354 
1.939219 27.177968 0.438398 37.555999 0.548802 38.428623 0.574645 0.000000 -0.000000 -0.000000 0.345997 0.000000 0.000000 0.800000 -0.000000 0.345997 0.821163 0.000000 2.100000 0.000000 0.145000 -0.139167 0.066667 2.150000 0.000000 0.145000 0.866605 0.166667 2.165000 0.280955 0.145000 -0.846458 0.166667 2.180000 0.900000 0.145000 -0.982354 
1.952225 26.989061 0.410654 30.983974 0.452754 34.009635 0.509588 -0.000000 -0.000000 0.000000 0.361407 -0.000000 0.000110 0.847706 0.000000 0.343071 0.717826 0.001477 2.108651 0.000246 0.153637 -0.100226 0.067513 2.158854 0.003510 0.146042 0.854355 0.068098 2.173996 0.280964 0.142748 -0.830053 0.168098 2.189506 0.877644 0.140458 -0.956538 
1.957686 25.964688 0.404134 35.549805 0.519523 36.398132 0.544463 -0.000000 0.000000 0.000000 0.358023 -0.000000 0.000196 0.834143 0.000000 0.336100 0.743479 0.009028 2.168555 0.000143 0.158553 -0.091365 0.068989 2.218575 0.003347 0.154150 0.865443 0.165710 2.233589 0.280957 0.134811 -0.828123 0.167270 2.248721 0.883562 0.132828 -0.979836 
1.631796 35.147385 0.512881 41.309927 0.626552 52.613561 0.820058 0.000000 0.000000 0.000000 0.345997 0.000000 0.000000 0.800000 0.000000 0.145000 0.821163 0.000000 2.100000 0.000000 0.145000 -0.139167 0.066667 2.150000 0.000000 0.145000 0.866605 0.166667 2.165000 0.280955 0.145000 -0.846458 0.166667 2.180000 0.699003 0.145000 -0.982354 
1.945667 26.916372 0.418636 36.321826 0.530729 37.299405 0.557674 -0.000000 0.000000 0.000000 0.361645 -0.000000 0.000090 0.846687 0.000000 0.341368 0.773540 0.001385 2.102153 0.000179 0.152551 -0.085000 0.067575 2.152153 0.004167 0.146649 0.866642 0.165453 2.167155 0.280956 0.140332 -0.855111 0.167390 2.182366 0.878422 0.140332 -0.984323 
