fx6617a2,        free transition row= 2084
-5.0000 -0.6186 0.0654 20000 -0.0300 
-4.9000 -0.6118 0.0638 20000 -0.0311 
-4.8000 -0.6048 0.0623 20000 -0.0320 
-4.7000 -0.5969 0.0607 20000 -0.0332 
-4.6000 -0.5915 0.0599 20000 -0.0323 
-4.5000 -0.5865 0.0594 20000 -0.0313 
-4.4000 -0.5788 0.0583 20000 -0.0317 
-4.3000 -0.5696 0.0571 20000 -0.0326 
-4.2000 -0.5655 0.0567 20000 -0.0308 
-4.1000 -0.5584 0.0562 20000 -0.0310 
-4.0000 -0.5524 0.0553 20000 -0.0296 
-3.0000 -0.5481 0.0600 20000 0.0186 
-3.9000 -0.5456 0.0549 20000 -0.0288 
-3.1000 -0.5385 0.0596 20000 0.0055 
-3.8000 -0.5360 0.0539 20000 -0.0296 
-3.6000 -0.5335 0.0550 20000 -0.0216 
-3.7000 -0.5334 0.0542 20000 -0.0269 
-3.5000 -0.5334 0.0561 20000 -0.0169 
-3.2000 -0.5317 0.0586 20000 -0.0034 
-3.3000 -0.5309 0.0579 20000 -0.0081 
-3.4000 -0.5297 0.0564 20000 -0.0145 
0.3000 -0.2077 0.0592 20000 -0.0092 
0.5000 -0.2077 0.0588 20000 -0.0077 
0.4000 -0.2076 0.0589 20000 -0.0084 
0.0000 -0.2075 0.0599 20000 -0.0115 
0.1000 -0.2073 0.0596 20000 -0.0107 
0.2000 -0.2072 0.0594 20000 -0.0099 
0.6000 -0.2072 0.0585 20000 -0.0070 
-0.1000 -0.2069 0.0601 20000 -0.0122 
0.7000 -0.2068 0.0583 20000 -0.0064 
-0.2000 -0.2066 0.0603 20000 -0.0130 
-0.3000 -0.2059 0.0605 20000 -0.0137 
-0.4000 -0.2057 0.0607 20000 -0.0145 
0.8000 -0.2054 0.0582 20000 -0.0058 
-0.5000 -0.2053 0.0610 20000 -0.0153 
-0.7000 -0.2047 0.0613 20000 -0.0168 
-0.6000 -0.2045 0.0612 20000 -0.0160 
-0.8000 -0.2039 0.0616 20000 -0.0175 
0.9000 -0.2039 0.0580 20000 -0.0054 
-0.9000 -0.2034 0.0618 20000 -0.0183 
-1.0000 -0.2028 0.0619 20000 -0.0189 
-1.1000 -0.2023 0.0621 20000 -0.0196 
-1.2000 -0.2020 0.0624 20000 -0.0204 
1.0000 -0.2018 0.0579 20000 -0.0051 
-1.3000 -0.2014 0.0625 20000 -0.0210 
-1.4000 -0.2011 0.0628 20000 -0.0219 
-1.5000 -0.2004 0.0630 20000 -0.0225 
-1.6000 -0.2003 0.0632 20000 -0.0232 
-1.7000 -0.2001 0.0634 20000 -0.0240 
-1.8000 -0.1995 0.0636 20000 -0.0246 
-1.9000 -0.1991 0.0638 20000 -0.0253 
1.1000 -0.1989 0.0579 20000 -0.0049 
-2.0000 -0.1986 0.0640 20000 -0.0259 
1.2000 -0.1955 0.0579 20000 -0.0048 
1.3000 -0.1915 0.0579 20000 -0.0049 
1.4000 -0.1868 0.0580 20000 -0.0050 
1.5000 -0.1819 0.0582 20000 -0.0052 
1.6000 -0.1759 0.0583 20000 -0.0054 
1.7000 -0.1702 0.0585 20000 -0.0057 
1.8000 -0.1641 0.0588 20000 -0.0061 
1.9000 -0.1574 0.0590 20000 -0.0065 
2.0000 -0.1507 0.0594 20000 -0.0070 
2.1000 -0.1439 0.0597 20000 -0.0075 
2.2000 -0.1366 0.0600 20000 -0.0080 
2.3000 -0.1291 0.0604 20000 -0.0086 
2.4000 -0.1215 0.0608 20000 -0.0092 
2.5000 -0.1141 0.0612 20000 -0.0098 
2.6000 -0.1064 0.0616 20000 -0.0104 
2.7000 -0.0983 0.0620 20000 -0.0111 
2.8000 -0.0909 0.0625 20000 -0.0117 
2.9000 -0.0834 0.0630 20000 -0.0124 
3.0000 -0.0755 0.0635 20000 -0.0130 
3.1000 -0.0670 0.0640 20000 -0.0136 
3.2000 -0.0591 0.0645 20000 -0.0144 
3.3000 -0.0513 0.0650 20000 -0.0150 
3.4000 -0.0433 0.0656 20000 -0.0156 
3.5000 -0.0355 0.0661 20000 -0.0162 
3.6000 -0.0271 0.0667 20000 -0.0169 
3.7000 -0.0196 0.0673 20000 -0.0176 
3.8000 -0.0115 0.0678 20000 -0.0182 
3.9000 -0.0042 0.0684 20000 -0.0188 
4.0000 0.0037 0.0691 20000 -0.0193 
4.1000 0.0116 0.0697 20000 -0.0200 
4.2000 0.0190 0.0703 20000 -0.0206 
4.3000 0.0271 0.0709 20000 -0.0212 
4.4000 0.0344 0.0716 20000 -0.0218 
4.5000 0.0428 0.0722 20000 -0.0224 
4.6000 0.0503 0.0728 20000 -0.0229 
4.7000 0.0579 0.0734 20000 -0.0235 
4.8000 0.0656 0.0741 20000 -0.0240 
4.9000 0.0730 0.0747 20000 -0.0245 
5.0000 0.0805 0.0754 20000 -0.0251 
5.1000 0.0879 0.0761 20000 -0.0256 
5.2000 0.0952 0.0768 20000 -0.0262 
5.3000 0.1022 0.0775 20000 -0.0267 
5.4000 0.1093 0.0782 20000 -0.0271 
5.5000 0.1166 0.0789 20000 -0.0277 
5.6000 0.1240 0.0796 20000 -0.0282 
5.7000 0.1307 0.0803 20000 -0.0287 
5.8000 0.1379 0.0810 20000 -0.0292 
5.9000 0.1447 0.0817 20000 -0.0296 
6.0000 0.1519 0.0824 20000 -0.0301 
6.1000 0.1588 0.0832 20000 -0.0306 
6.2000 0.1655 0.0839 20000 -0.0311 
6.3000 0.1725 0.0847 20000 -0.0315 
6.4000 0.1791 0.0854 20000 -0.0320 
6.5000 0.1861 0.0861 20000 -0.0324 
6.6000 0.1925 0.0869 20000 -0.0329 
6.7000 0.1994 0.0877 20000 -0.0333 
6.8000 0.2057 0.0884 20000 -0.0337 
6.9000 0.2124 0.0892 20000 -0.0342 
7.0000 0.2190 0.0900 20000 -0.0346 
7.1000 0.2255 0.0908 20000 -0.0351 
7.2000 0.2320 0.0916 20000 -0.0355 
7.3000 0.2381 0.0924 20000 -0.0360 
7.4000 0.2449 0.0931 20000 -0.0363 
7.5000 0.2511 0.0940 20000 -0.0368 
7.6000 0.2576 0.0947 20000 -0.0372 
7.7000 0.2638 0.0956 20000 -0.0376 
7.8000 0.2699 0.0964 20000 -0.0380 
7.9000 0.2759 0.0972 20000 -0.0385 
8.0000 0.2820 0.0981 20000 -0.0389 
8.1000 0.2882 0.0989 20000 -0.0393 
8.2000 0.2940 0.0997 20000 -0.0398 
8.3000 0.2999 0.1006 20000 -0.0402 
8.4000 0.3060 0.1014 20000 -0.0406 
8.5000 0.3122 0.1023 20000 -0.0410 
8.6000 0.3180 0.1031 20000 -0.0415 
8.7000 0.3235 0.1040 20000 -0.0419 
8.8000 0.3296 0.1049 20000 -0.0423 
8.9000 0.3351 0.1058 20000 -0.0428 
9.0000 0.3410 0.1066 20000 -0.0432 
9.1000 0.3469 0.1075 20000 -0.0436 
9.2000 0.3525 0.1084 20000 -0.0440 
9.3000 0.3580 0.1093 20000 -0.0445 
9.4000 0.3636 0.1102 20000 -0.0449 
9.5000 0.3693 0.1111 20000 -0.0454 
9.6000 0.3827 0.1130 20000 -0.0476 
9.7000 0.3961 0.1155 20000 -0.0496 
9.8000 0.4030 0.1160 20000 -0.0505 
9.9000 0.4160 0.1181 20000 -0.0525 
10.0000 0.4306 0.1211 20000 -0.0547 
10.1000 0.4364 0.1219 20000 -0.0553 
10.2000 0.4392 0.1214 20000 -0.0554 
10.3000 0.4505 0.1233 20000 -0.0570 
10.4000 0.4651 0.1264 20000 -0.0592 
10.6000 0.4749 0.1279 20000 -0.0602 
10.7000 0.4801 0.1280 20000 -0.0606 
10.5000 0.4825 0.1310 20000 -0.0621 
10.8000 0.4915 0.1301 20000 -0.0622 
10.9000 0.5090 0.1341 20000 -0.0649 
11.2000 0.5177 0.1348 20000 -0.0650 
11.1000 0.5186 0.1363 20000 -0.0658 
11.3000 0.5233 0.1354 20000 -0.0654 
11.0000 0.5277 0.1396 20000 -0.0679 
11.4000 0.5332 0.1374 20000 -0.0668 
11.5000 0.5444 0.1399 20000 -0.0683 
11.6000 0.5613 0.1446 20000 -0.0709 
11.8000 0.5646 0.1447 20000 -0.0707 
11.9000 0.5717 0.1454 20000 -0.0713 
11.7000 0.5818 0.1518 20000 -0.0743 
12.1000 0.5830 0.1478 20000 -0.0724 
12.2000 0.5858 0.1478 20000 -0.0725 
12.0000 0.5904 0.1506 20000 -0.0741 
12.3000 0.5967 0.1504 20000 -0.0739 
12.6000 0.6074 0.1526 20000 -0.0747 
12.5000 0.6097 0.1541 20000 -0.0755 
12.4000 0.6122 0.1552 20000 -0.0762 
12.7000 0.6137 0.1539 20000 -0.0753 
12.8000 0.6262 0.1574 20000 -0.0770 
13.0000 0.6304 0.1583 20000 -0.0771 
13.1000 0.6345 0.1587 20000 -0.0773 
12.9000 0.6362 0.1610 20000 -0.0784 
13.2000 0.6463 0.1620 20000 -0.0788 
13.5000 0.6544 0.1643 20000 -0.0795 
13.6000 0.6583 0.1649 20000 -0.0798 
13.4000 0.6592 0.1667 20000 -0.0805 
13.3000 0.6632 0.1681 20000 -0.0813 
13.7000 0.6683 0.1678 20000 -0.0810 
14.0000 0.6775 0.1704 20000 -0.0819 
13.9000 0.6821 0.1731 20000 -0.0829 
14.1000 0.6833 0.1717 20000 -0.0824 
13.8000 0.6910 0.1769 20000 -0.0843 
14.6000 0.7033 0.1779 20000 -0.0848 
14.7000 0.7146 0.1818 20000 -0.0861 
15.0000 0.7206 0.1841 20000 -0.0869 
14.9000 0.7260 0.1873 20000 -0.0877 
14.8000 0.7358 0.1921 20000 -0.0890 
-1.2000 -0.4537 0.0460 50000 0.0165 
-1.0000 -0.4519 0.0458 50000 0.0215 
-1.1000 -0.4507 0.0459 50000 0.0182 
-1.3000 -0.4482 0.0461 50000 0.0120 
-0.9000 -0.4458 0.0458 50000 0.0221 
-0.8000 -0.4349 0.0459 50000 0.0203 
-0.7000 -0.4333 0.0460 50000 0.0231 
-0.6000 -0.4239 0.0462 50000 0.0229 
-0.5000 -0.4090 0.0466 50000 0.0215 
-0.4000 -0.3929 0.0471 50000 0.0198 
-0.3000 -0.3804 0.0475 50000 0.0181 
-0.2000 -0.3583 0.0484 50000 0.0151 
-2.6000 -0.3209 0.0517 50000 -0.0236 
-2.3000 -0.3201 0.0524 50000 -0.0156 
-2.8000 -0.3195 0.0511 50000 -0.0296 
-2.5000 -0.3189 0.0519 50000 -0.0223 
-2.4000 -0.3151 0.0523 50000 -0.0198 
-3.0000 -0.3147 0.0499 50000 -0.0363 
-3.1000 -0.3144 0.0496 50000 -0.0389 
-0.1000 -0.3134 0.0506 50000 0.0075 
-2.7000 -0.3124 0.0511 50000 -0.0299 
-5.0000 -0.3119 0.0443 50000 -0.0808 
-3.2000 -0.3118 0.0491 50000 -0.0422 
-2.9000 -0.3097 0.0501 50000 -0.0362 
-4.9000 -0.3052 0.0443 50000 -0.0802 
-3.3000 -0.2978 0.0479 50000 -0.0485 
-3.4000 -0.2966 0.0476 50000 -0.0502 
0.0000 -0.2926 0.0515 50000 0.0042 
-4.8000 -0.2885 0.0439 50000 -0.0807 
0.1000 -0.2849 0.0514 50000 0.0037 
-3.5000 -0.2797 0.0485 50000 -0.0505 
-3.6000 -0.2796 0.0476 50000 -0.0535 
-4.0000 -0.2784 0.0434 50000 -0.0662 
-3.9000 -0.2761 0.0444 50000 -0.0644 
-3.8000 -0.2745 0.0450 50000 -0.0623 
-3.7000 -0.2725 0.0460 50000 -0.0597 
-4.1000 -0.2685 0.0406 50000 -0.0740 
-4.5000 -0.2682 0.0430 50000 -0.0789 
-4.6000 -0.2670 0.0432 50000 -0.0803 
-4.2000 -0.2666 0.0403 50000 -0.0762 
-4.4000 -0.2665 0.0428 50000 -0.0778 
-4.7000 -0.2645 0.0431 50000 -0.0819 
-4.3000 -0.2635 0.0428 50000 -0.0770 
0.2000 -0.2568 0.0525 50000 -0.0006 
0.3000 -0.2329 0.0537 50000 -0.0046 
0.4000 -0.2007 0.0550 50000 -0.0100 
0.5000 -0.1724 0.0571 50000 -0.0149 
0.6000 -0.1621 0.0572 50000 -0.0159 
0.7000 -0.1528 0.0569 50000 -0.0169 
0.8000 -0.1388 0.0574 50000 -0.0187 
0.9000 -0.1191 0.0583 50000 -0.0217 
1.0000 -0.1029 0.0593 50000 -0.0243 
1.3000 -0.0946 0.0592 50000 -0.0233 
1.1000 -0.0912 0.0607 50000 -0.0257 
1.2000 -0.0908 0.0607 50000 -0.0251 
1.4000 -0.0875 0.0593 50000 -0.0238 
1.5000 -0.0803 0.0596 50000 -0.0243 
1.6000 -0.0705 0.0602 50000 -0.0251 
1.7000 -0.0589 0.0614 50000 -0.0265 
2.0000 -0.0531 0.0607 50000 -0.0247 
2.1000 -0.0450 0.0609 50000 -0.0253 
1.8000 -0.0426 0.0638 50000 -0.0288 
1.9000 -0.0407 0.0638 50000 -0.0283 
2.2000 -0.0324 0.0616 50000 -0.0266 
2.3000 -0.0181 0.0624 50000 -0.0284 
2.4000 -0.0035 0.0635 50000 -0.0302 
2.5000 0.0124 0.0648 50000 -0.0322 
2.6000 0.0292 0.0665 50000 -0.0344 
2.9000 0.0426 0.0662 50000 -0.0343 
2.7000 0.0458 0.0681 50000 -0.0367 
3.0000 0.0555 0.0670 50000 -0.0357 
2.8000 0.0677 0.0714 50000 -0.0399 
3.1000 0.0685 0.0677 50000 -0.0370 
3.2000 0.0857 0.0691 50000 -0.0393 
3.4000 0.0897 0.0691 50000 -0.0384 
3.5000 0.0965 0.0693 50000 -0.0387 
3.3000 0.1073 0.0714 50000 -0.0423 
3.6000 0.1092 0.0700 50000 -0.0400 
3.7000 0.1233 0.0710 50000 -0.0417 
3.8000 0.1382 0.0722 50000 -0.0434 
4.1000 0.1565 0.0736 50000 -0.0443 
3.9000 0.1574 0.0740 50000 -0.0460 
4.2000 0.1644 0.0740 50000 -0.0448 
4.0000 0.1754 0.0760 50000 -0.0482 
4.3000 0.1805 0.0750 50000 -0.0464 
4.4000 0.1931 0.0761 50000 -0.0478 
4.5000 0.2086 0.0773 50000 -0.0495 
4.8000 0.2263 0.0790 50000 -0.0502 
4.6000 0.2270 0.0791 50000 -0.0517 
4.9000 0.2301 0.0790 50000 -0.0500 
5.0000 0.2396 0.0797 50000 -0.0508 
4.7000 0.2462 0.0813 50000 -0.0541 
5.1000 0.2527 0.0806 50000 -0.0520 
5.2000 0.2675 0.0819 50000 -0.0536 
5.3000 0.2823 0.0834 50000 -0.0552 
5.7000 0.2982 0.0851 50000 -0.0551 
5.4000 0.3005 0.0854 50000 -0.0573 
5.8000 0.3069 0.0857 50000 -0.0556 
5.5000 0.3178 0.0875 50000 -0.0593 
5.9000 0.3194 0.0867 50000 -0.0566 
6.0000 0.3327 0.0878 50000 -0.0579 
5.6000 0.3362 0.0900 50000 -0.0615 
6.1000 0.3461 0.0892 50000 -0.0591 
6.5000 0.3653 0.0918 50000 -0.0595 
6.2000 0.3659 0.0915 50000 -0.0614 
6.6000 0.3684 0.0919 50000 -0.0593 
6.7000 0.3774 0.0927 50000 -0.0598 
6.3000 0.3830 0.0936 50000 -0.0631 
6.8000 0.3885 0.0938 50000 -0.0606 
6.9000 0.4027 0.0952 50000 -0.0619 
6.4000 0.4060 0.0970 50000 -0.0660 
7.0000 0.4147 0.0965 50000 -0.0629 
7.4000 0.4304 0.0993 50000 -0.0629 
7.5000 0.4311 0.0991 50000 -0.0623 
7.1000 0.4323 0.0986 50000 -0.0647 
7.6000 0.4394 0.0998 50000 -0.0627 
7.7000 0.4500 0.1009 50000 -0.0634 
7.2000 0.4514 0.1012 50000 -0.0667 
7.8000 0.4643 0.1024 50000 -0.0645 
7.3000 0.4743 0.1050 50000 -0.0693 
7.9000 0.4818 0.1046 50000 -0.0662 
8.3000 0.4857 0.1067 50000 -0.0650 
8.4000 0.4873 0.1068 50000 -0.0646 
8.5000 0.4942 0.1074 50000 -0.0648 
8.0000 0.4979 0.1067 50000 -0.0676 
8.6000 0.5037 0.1085 50000 -0.0654 
8.1000 0.5138 0.1092 50000 -0.0692 
8.7000 0.5175 0.1101 50000 -0.0664 
8.8000 0.5298 0.1116 50000 -0.0673 
8.2000 0.5352 0.1129 50000 -0.0715 
9.3000 0.5392 0.1147 50000 -0.0665 
9.2000 0.5404 0.1148 50000 -0.0670 
9.4000 0.5456 0.1154 50000 -0.0666 
8.9000 0.5497 0.1143 50000 -0.0691 
9.5000 0.5543 0.1165 50000 -0.0671 
9.6000 0.5650 0.1179 50000 -0.0678 
9.0000 0.5726 0.1179 50000 -0.0713 
9.7000 0.5755 0.1193 50000 -0.0685 
10.2000 0.5908 0.1241 50000 -0.0689 
10.3000 0.5909 0.1239 50000 -0.0684 
9.8000 0.5913 0.1216 50000 -0.0697 
9.1000 0.5937 0.1217 50000 -0.0734 
10.4000 0.5983 0.1248 50000 -0.0687 
10.5000 0.6075 0.1261 50000 -0.0692 
9.9000 0.6109 0.1246 50000 -0.0714 
10.6000 0.6197 0.1278 50000 -0.0700 
10.0000 0.6302 0.1282 50000 -0.0732 
10.7000 0.6320 0.1296 50000 -0.0708 
11.2000 0.6343 0.1331 50000 -0.0705 
11.3000 0.6383 0.1335 50000 -0.0705 
11.4000 0.6471 0.1347 50000 -0.0709 
10.8000 0.6498 0.1326 50000 -0.0722 
11.1000 0.6507 0.1358 50000 -0.0722 
11.5000 0.6582 0.1362 50000 -0.0715 
10.9000 0.6697 0.1362 50000 -0.0739 
11.6000 0.6707 0.1382 50000 -0.0722 
12.2000 0.6760 0.1431 50000 -0.0729 
12.1000 0.6782 0.1433 50000 -0.0730 
12.3000 0.6810 0.1438 50000 -0.0730 
11.7000 0.6870 0.1411 50000 -0.0734 
12.4000 0.6906 0.1452 50000 -0.0735 
11.0000 0.6975 0.1419 50000 -0.0765 
11.8000 0.7049 0.1449 50000 -0.0748 
12.5000 0.7055 0.1473 50000 -0.0741 
13.1000 0.7121 0.1525 50000 -0.0753 
12.0000 0.7140 0.1492 50000 -0.0758 
13.0000 0.7147 0.1532 50000 -0.0755 
13.2000 0.7192 0.1533 50000 -0.0754 
12.6000 0.7233 0.1506 50000 -0.0751 
13.3000 0.7252 0.1548 50000 -0.0759 
11.9000 0.7352 0.1513 50000 -0.0774 
12.9000 0.7369 0.1572 50000 -0.0767 
13.9000 0.7423 0.1614 50000 -0.0778 
12.7000 0.7428 0.1549 50000 -0.0765 
13.4000 0.7450 0.1578 50000 -0.0765 
13.8000 0.7463 0.1623 50000 -0.0778 
14.0000 0.7478 0.1622 50000 -0.0780 
12.8000 0.7749 0.1628 50000 -0.0792 
13.7000 0.7755 0.1677 50000 -0.0789 
13.5000 0.7771 0.1645 50000 -0.0783 
13.6000 0.7980 0.1707 50000 -0.0799 
-4.8000 -0.1180 0.0227 100000 -0.0884 
-5.0000 -0.1119 0.0245 100000 -0.0918 
-4.7000 -0.1102 0.0234 100000 -0.0868 
-4.9000 -0.1099 0.0238 100000 -0.0911 
-4.6000 -0.1008 0.0237 100000 -0.0864 
-4.5000 -0.0913 0.0244 100000 -0.0852 
-4.4000 -0.0820 0.0246 100000 -0.0849 
-4.3000 -0.0719 0.0250 100000 -0.0842 
-4.2000 -0.0624 0.0258 100000 -0.0829 
-4.1000 -0.0535 0.0264 100000 -0.0818 
-4.0000 -0.0439 0.0272 100000 -0.0801 
-3.9000 -0.0349 0.0277 100000 -0.0792 
-3.8000 -0.0260 0.0279 100000 -0.0787 
-3.7000 -0.0170 0.0285 100000 -0.0772 
-3.6000 -0.0083 0.0293 100000 -0.0754 
-3.5000 -0.0016 0.0297 100000 -0.0746 
-3.4000 0.0040 0.0300 100000 -0.0736 
-3.3000 0.0111 0.0301 100000 -0.0735 
-3.2000 0.0133 0.0315 100000 -0.0690 
-3.1000 0.0191 0.0317 100000 -0.0693 
-3.0000 0.0242 0.0318 100000 -0.0682 
-2.9000 0.0334 0.0316 100000 -0.0700 
-2.8000 0.0339 0.0325 100000 -0.0651 
-2.7000 0.0430 0.0321 100000 -0.0673 
-2.6000 0.0448 0.0330 100000 -0.0639 
-2.5000 0.0524 0.0330 100000 -0.0640 
-2.4000 0.0605 0.0331 100000 -0.0646 
-2.3000 0.0675 0.0330 100000 -0.0630 
-2.2000 0.0771 0.0329 100000 -0.0631 
-2.1000 0.0825 0.0332 100000 -0.0615 
-2.0000 0.0937 0.0331 100000 -0.0612 
-1.9000 0.1039 0.0330 100000 -0.0618 
-1.8000 0.1128 0.0331 100000 -0.0611 
-0.2000 0.1175 0.0415 100000 -0.0497 
-0.3000 0.1215 0.0408 100000 -0.0509 
-1.7000 0.1220 0.0332 100000 -0.0612 
-0.4000 0.1261 0.0402 100000 -0.0523 
-0.1000 0.1315 0.0412 100000 -0.0492 
-1.6000 0.1327 0.0332 100000 -0.0616 
-0.5000 0.1334 0.0395 100000 -0.0538 
-1.5000 0.1388 0.0333 100000 -0.0605 
-0.6000 0.1400 0.0385 100000 -0.0544 
0.1000 0.1403 0.0422 100000 -0.0495 
0.0000 0.1407 0.0414 100000 -0.0497 
-0.7000 0.1426 0.0377 100000 -0.0548 
-1.4000 0.1478 0.0334 100000 -0.0603 
-0.8000 0.1480 0.0367 100000 -0.0555 
0.2000 0.1503 0.0422 100000 -0.0494 
-0.9000 0.1552 0.0358 100000 -0.0564 
-1.3000 0.1572 0.0335 100000 -0.0602 
-1.0000 0.1627 0.0349 100000 -0.0575 
-1.1000 0.1644 0.0343 100000 -0.0582 
-1.2000 0.1652 0.0338 100000 -0.0592 
0.3000 0.1726 0.0418 100000 -0.0505 
0.4000 0.1792 0.0421 100000 -0.0500 
0.6000 0.2122 0.0420 100000 -0.0519 
0.5000 0.2154 0.0411 100000 -0.0521 
2.0000 0.2237 0.0525 100000 -0.0477 
1.8000 0.2277 0.0509 100000 -0.0482 
2.1000 0.2291 0.0532 100000 -0.0478 
2.2000 0.2317 0.0539 100000 -0.0477 
1.5000 0.2323 0.0481 100000 -0.0486 
1.9000 0.2330 0.0516 100000 -0.0485 
1.7000 0.2346 0.0498 100000 -0.0489 
2.3000 0.2352 0.0544 100000 -0.0474 
1.6000 0.2367 0.0488 100000 -0.0488 
1.4000 0.2402 0.0469 100000 -0.0499 
2.4000 0.2413 0.0552 100000 -0.0477 
0.7000 0.2432 0.0413 100000 -0.0534 
2.5000 0.2476 0.0559 100000 -0.0478 
3.4000 0.2480 0.0658 100000 -0.0497 
0.8000 0.2537 0.0416 100000 -0.0541 
2.6000 0.2558 0.0566 100000 -0.0480 
3.5000 0.2571 0.0664 100000 -0.0501 
0.9000 0.2659 0.0413 100000 -0.0531 
2.7000 0.2691 0.0572 100000 -0.0487 
4.1000 0.2701 0.0684 100000 -0.0478 
3.6000 0.2759 0.0673 100000 -0.0511 
2.8000 0.2768 0.0581 100000 -0.0490 
4.2000 0.2785 0.0690 100000 -0.0482 
1.0000 0.2810 0.0413 100000 -0.0539 
2.9000 0.2819 0.0590 100000 -0.0492 
3.7000 0.2911 0.0684 100000 -0.0522 
4.3000 0.2928 0.0694 100000 -0.0489 
1.1000 0.2964 0.0412 100000 -0.0538 
3.0000 0.2998 0.0598 100000 -0.0504 
3.8000 0.3071 0.0695 100000 -0.0533 
1.2000 0.3083 0.0415 100000 -0.0538 
4.5000 0.3139 0.0706 100000 -0.0499 
1.3000 0.3149 0.0421 100000 -0.0539 
3.1000 0.3240 0.0602 100000 -0.0517 
4.6000 0.3262 0.0713 100000 -0.0506 
3.9000 0.3288 0.0713 100000 -0.0550 
4.7000 0.3380 0.0720 100000 -0.0513 
3.2000 0.3388 0.0611 100000 -0.0527 
4.0000 0.3423 0.0732 100000 -0.0558 
4.8000 0.3534 0.0728 100000 -0.0521 
4.9000 0.3674 0.0736 100000 -0.0528 
5.5000 0.3749 0.0763 100000 -0.0522 
5.0000 0.3809 0.0746 100000 -0.0537 
5.6000 0.3860 0.0770 100000 -0.0534 
5.1000 0.3986 0.0756 100000 -0.0549 
5.8000 0.4090 0.0780 100000 -0.0545 
5.2000 0.4164 0.0771 100000 -0.0562 
5.9000 0.4229 0.0788 100000 -0.0555 
6.0000 0.4361 0.0796 100000 -0.0565 
6.1000 0.4512 0.0806 100000 -0.0576 
5.4000 0.4591 0.0811 100000 -0.0597 
6.2000 0.4681 0.0817 100000 -0.0589 
6.8000 0.4687 0.0856 100000 -0.0584 
6.9000 0.4789 0.0860 100000 -0.0589 
6.3000 0.4816 0.0827 100000 -0.0599 
7.0000 0.4841 0.0868 100000 -0.0593 
7.1000 0.4996 0.0873 100000 -0.0600 
6.4000 0.5004 0.0841 100000 -0.0614 
7.2000 0.5116 0.0881 100000 -0.0607 
6.5000 0.5142 0.0852 100000 -0.0624 
7.3000 0.5294 0.0890 100000 -0.0617 
6.6000 0.5356 0.0870 100000 -0.0642 
7.4000 0.5386 0.0899 100000 -0.0623 
6.7000 0.5523 0.0886 100000 -0.0653 
7.5000 0.5554 0.0909 100000 -0.0633 
8.2000 0.5633 0.0958 100000 -0.0628 
7.6000 0.5693 0.0919 100000 -0.0641 
8.3000 0.5717 0.0966 100000 -0.0631 
8.4000 0.5822 0.0973 100000 -0.0635 
7.7000 0.5856 0.0932 100000 -0.0651 
8.5000 0.5963 0.0980 100000 -0.0640 
7.8000 0.6066 0.0947 100000 -0.0664 
8.6000 0.6116 0.0989 100000 -0.0647 
7.9000 0.6298 0.0967 100000 -0.0679 
8.7000 0.6298 0.0999 100000 -0.0655 
9.4000 0.6320 0.1049 100000 -0.0644 
9.5000 0.6401 0.1058 100000 -0.0646 
8.8000 0.6413 0.1010 100000 -0.0660 
8.0000 0.6499 0.0987 100000 -0.0691 
8.1000 0.6577 0.1011 100000 -0.0698 
9.6000 0.6639 0.1061 100000 -0.0651 
8.9000 0.6669 0.1024 100000 -0.0672 
9.7000 0.6719 0.1071 100000 -0.0655 
10.4000 0.6789 0.1132 100000 -0.0652 
10.5000 0.6845 0.1141 100000 -0.0654 
9.0000 0.6912 0.1040 100000 -0.0683 
9.8000 0.6975 0.1079 100000 -0.0662 
9.3000 0.7168 0.1100 100000 -0.0699 
9.1000 0.7208 0.1062 100000 -0.0696 
10.6000 0.7243 0.1107 100000 -0.0640 
9.9000 0.7302 0.1089 100000 -0.0673 
10.7000 0.7312 0.1103 100000 -0.0636 
9.2000 0.7335 0.1087 100000 -0.0704 
10.8000 0.7475 0.1100 100000 -0.0634 
10.3000 0.7573 0.1162 100000 -0.0689 
10.2000 0.7616 0.1146 100000 -0.0687 
10.9000 0.7619 0.1101 100000 -0.0635 
10.0000 0.7638 0.1112 100000 -0.0681 
10.1000 0.7651 0.1127 100000 -0.0685 
11.4000 0.7814 0.1135 100000 -0.0631 
11.5000 0.7828 0.1145 100000 -0.0632 
11.6000 0.7938 0.1144 100000 -0.0630 
11.0000 0.7955 0.1088 100000 -0.0634 
11.3000 0.7958 0.1118 100000 -0.0631 
11.7000 0.8081 0.1142 100000 -0.0629 
11.1000 0.8201 0.1087 100000 -0.0635 
11.8000 0.8266 0.1139 100000 -0.0627 
11.2000 0.8442 0.1081 100000 -0.0635 
12.2000 0.8445 0.1164 100000 -0.0625 
12.4000 0.8488 0.1175 100000 -0.0623 
12.3000 0.8494 0.1158 100000 -0.0619 
11.9000 0.8500 0.1129 100000 -0.0625 
12.1000 0.9145 0.1089 100000 -0.0612 
12.0000 0.9587 0.1001 100000 -0.0589 
12.5000 0.9603 0.1018 100000 -0.0576 
12.7000 0.9638 0.1052 100000 -0.0582 
12.6000 0.9751 0.1011 100000 -0.0572 
12.8000 0.9818 0.1040 100000 -0.0576 
12.9000 1.0270 0.0978 100000 -0.0556 
14.5000 1.1203 0.0961 100000 -0.0510 
14.4000 1.1240 0.0945 100000 -0.0507 
15.0000 1.1646 0.0921 100000 -0.0476 
14.9000 1.1840 0.0887 100000 -0.0474 
14.8000 1.1910 0.0871 100000 -0.0477 
-5.0000 -0.0991 0.0204 150000 -0.0894 
-4.9000 -0.0905 0.0203 150000 -0.0892 
-4.7000 -0.0850 0.0187 150000 -0.0877 
-4.8000 -0.0848 0.0198 150000 -0.0886 
-4.6000 -0.0806 0.0181 150000 -0.0871 
-4.5000 -0.0799 0.0177 150000 -0.0853 
-4.4000 -0.0704 0.0179 150000 -0.0848 
-4.3000 -0.0603 0.0181 150000 -0.0845 
-4.2000 -0.0502 0.0184 150000 -0.0841 
-4.1000 -0.0401 0.0187 150000 -0.0837 
-4.0000 -0.0299 0.0189 150000 -0.0835 
-3.9000 -0.0198 0.0192 150000 -0.0830 
-3.8000 -0.0095 0.0196 150000 -0.0825 
-3.7000 0.0004 0.0199 150000 -0.0820 
-3.6000 0.0104 0.0202 150000 -0.0817 
-3.5000 0.0206 0.0206 150000 -0.0809 
-3.4000 0.0307 0.0209 150000 -0.0804 
-3.3000 0.0410 0.0210 150000 -0.0801 
-3.2000 0.0508 0.0214 150000 -0.0797 
-3.1000 0.0612 0.0215 150000 -0.0798 
-3.0000 0.0710 0.0216 150000 -0.0792 
-2.9000 0.0815 0.0216 150000 -0.0791 
-2.8000 0.0912 0.0219 150000 -0.0783 
-2.7000 0.1023 0.0218 150000 -0.0787 
-2.6000 0.1114 0.0223 150000 -0.0775 
-2.5000 0.1222 0.0223 150000 -0.0776 
-2.4000 0.1328 0.0224 150000 -0.0777 
-2.3000 0.1420 0.0227 150000 -0.0771 
-2.2000 0.1531 0.0227 150000 -0.0775 
-2.1000 0.1599 0.0233 150000 -0.0755 
-2.0000 0.1678 0.0238 150000 -0.0745 
-1.9000 0.1771 0.0238 150000 -0.0743 
-1.8000 0.1867 0.0239 150000 -0.0742 
-1.7000 0.1968 0.0240 150000 -0.0745 
-1.6000 0.2058 0.0240 150000 -0.0743 
-1.5000 0.2126 0.0241 150000 -0.0731 
-1.4000 0.2218 0.0241 150000 -0.0730 
-1.3000 0.2315 0.0241 150000 -0.0730 
-1.2000 0.2392 0.0243 150000 -0.0721 
-1.1000 0.2489 0.0244 150000 -0.0721 
-1.0000 0.2577 0.0245 150000 -0.0719 
-0.9000 0.2674 0.0246 150000 -0.0719 
-0.8000 0.2775 0.0246 150000 -0.0721 
-0.7000 0.2873 0.0247 150000 -0.0721 
-0.6000 0.2974 0.0248 150000 -0.0722 
-0.5000 0.3079 0.0249 150000 -0.0724 
-0.4000 0.3183 0.0250 150000 -0.0727 
-0.3000 0.3281 0.0250 150000 -0.0727 
-0.2000 0.3371 0.0250 150000 -0.0725 
-0.1000 0.3468 0.0250 150000 -0.0723 
0.0000 0.3569 0.0250 150000 -0.0723 
0.1000 0.3671 0.0251 150000 -0.0724 
0.2000 0.3768 0.0252 150000 -0.0723 
0.3000 0.3870 0.0253 150000 -0.0723 
0.4000 0.3965 0.0254 150000 -0.0722 
0.5000 0.4074 0.0254 150000 -0.0722 
0.6000 0.4175 0.0255 150000 -0.0723 
0.7000 0.4275 0.0257 150000 -0.0722 
0.8000 0.4380 0.0259 150000 -0.0724 
0.9000 0.4466 0.0262 150000 -0.0719 
1.0000 0.4565 0.0265 150000 -0.0723 
1.1000 0.4635 0.0270 150000 -0.0720 
1.2000 0.4713 0.0271 150000 -0.0720 
1.3000 0.4782 0.0273 150000 -0.0718 
1.4000 0.4853 0.0275 150000 -0.0717 
1.5000 0.4908 0.0279 150000 -0.0713 
1.6000 0.4969 0.0282 150000 -0.0710 
1.7000 0.5045 0.0284 150000 -0.0711 
1.8000 0.5099 0.0287 150000 -0.0705 
1.9000 0.5154 0.0291 150000 -0.0701 
2.0000 0.5207 0.0294 150000 -0.0693 
2.1000 0.5281 0.0298 150000 -0.0694 
2.2000 0.5349 0.0300 150000 -0.0689 
2.3000 0.5419 0.0303 150000 -0.0686 
3.9000 0.5495 0.0439 150000 -0.0605 
2.4000 0.5520 0.0305 150000 -0.0688 
4.0000 0.5578 0.0442 150000 -0.0602 
2.5000 0.5622 0.0306 150000 -0.0689 
4.1000 0.5667 0.0444 150000 -0.0601 
2.6000 0.5720 0.0307 150000 -0.0687 
4.2000 0.5781 0.0444 150000 -0.0602 
2.7000 0.5806 0.0310 150000 -0.0688 
4.3000 0.5813 0.0452 150000 -0.0600 
2.8000 0.5937 0.0309 150000 -0.0690 
4.4000 0.6042 0.0442 150000 -0.0604 
2.9000 0.6051 0.0309 150000 -0.0692 
4.5000 0.6058 0.0452 150000 -0.0603 
3.0000 0.6146 0.0312 150000 -0.0693 
4.6000 0.6214 0.0449 150000 -0.0604 
3.1000 0.6239 0.0314 150000 -0.0694 
4.7000 0.6266 0.0456 150000 -0.0605 
3.2000 0.6367 0.0314 150000 -0.0696 
4.8000 0.6410 0.0455 150000 -0.0606 
3.3000 0.6476 0.0315 150000 -0.0697 
4.9000 0.6578 0.0450 150000 -0.0607 
3.4000 0.6582 0.0316 150000 -0.0698 
5.0000 0.6694 0.0450 150000 -0.0607 
3.5000 0.6702 0.0316 150000 -0.0699 
5.1000 0.6775 0.0455 150000 -0.0607 
3.6000 0.6802 0.0318 150000 -0.0699 
7.7000 0.6860 0.0726 150000 -0.0581 
3.7000 0.6930 0.0319 150000 -0.0701 
5.2000 0.6974 0.0445 150000 -0.0607 
3.8000 0.7001 0.0326 150000 -0.0699 
7.8000 0.7020 0.0723 150000 -0.0584 
5.3000 0.7125 0.0443 150000 -0.0608 
5.4000 0.7179 0.0450 150000 -0.0607 
7.9000 0.7200 0.0719 150000 -0.0588 
8.0000 0.7320 0.0721 150000 -0.0591 
5.5000 0.7322 0.0448 150000 -0.0608 
7.2000 0.7332 0.0633 150000 -0.0574 
8.1000 0.7428 0.0725 150000 -0.0595 
5.6000 0.7446 0.0449 150000 -0.0608 
8.2000 0.7588 0.0723 150000 -0.0598 
5.7000 0.7609 0.0446 150000 -0.0611 
5.8000 0.7691 0.0453 150000 -0.0612 
8.3000 0.7730 0.0724 150000 -0.0601 
7.3000 0.7800 0.0606 150000 -0.0582 
5.9000 0.7834 0.0455 150000 -0.0615 
9.2000 0.7849 0.0809 150000 -0.0599 
8.4000 0.7865 0.0724 150000 -0.0603 
7.4000 0.7937 0.0612 150000 -0.0589 
9.3000 0.7945 0.0812 150000 -0.0600 
8.5000 0.8009 0.0723 150000 -0.0605 
8.6000 0.8142 0.0724 150000 -0.0608 
9.5000 0.8176 0.0813 150000 -0.0600 
8.7000 0.8400 0.0711 150000 -0.0609 
9.4000 0.8462 0.0760 150000 -0.0594 
8.8000 0.8478 0.0719 150000 -0.0611 
9.6000 0.8495 0.0787 150000 -0.0597 
9.8000 0.8609 0.0805 150000 -0.0599 
8.9000 0.8667 0.0713 150000 -0.0611 
10.4000 0.8898 0.0822 150000 -0.0585 
10.3000 0.8953 0.0800 150000 -0.0582 
9.7000 0.9019 0.0733 150000 -0.0592 
10.5000 0.9096 0.0807 150000 -0.0581 
10.2000 0.9121 0.0804 150000 -0.0598 
10.8000 0.9128 0.0849 150000 -0.0585 
9.0000 0.9133 0.0671 150000 -0.0605 
10.6000 0.9172 0.0811 150000 -0.0581 
10.0000 0.9558 0.0707 150000 -0.0587 
10.7000 0.9612 0.0762 150000 -0.0573 
9.9000 0.9717 0.0668 150000 -0.0586 
10.1000 0.9722 0.0699 150000 -0.0586 
10.9000 0.9788 0.0766 150000 -0.0572 
11.0000 1.0032 0.0745 150000 -0.0567 
11.1000 1.0224 0.0732 150000 -0.0564 
11.2000 1.0446 0.0713 150000 -0.0561 
11.6000 1.0656 0.0726 150000 -0.0552 
11.4000 1.0796 0.0692 150000 -0.0557 
11.3000 1.0819 0.0673 150000 -0.0556 
11.5000 1.0967 0.0681 150000 -0.0555 
11.7000 1.1016 0.0691 150000 -0.0549 
11.8000 1.1545 0.0628 150000 -0.0543 
15.0000 1.1574 0.0912 150000 -0.0477 
14.9000 1.1689 0.0886 150000 -0.0475 
14.7000 1.1696 0.0860 150000 -0.0475 
14.8000 1.1729 0.0868 150000 -0.0475 
14.6000 1.1759 0.0841 150000 -0.0475 
14.5000 1.1853 0.0817 150000 -0.0475 
12.3000 1.1858 0.0628 150000 -0.0531 
14.4000 1.1967 0.0792 150000 -0.0474 
11.9000 1.1981 0.0580 150000 -0.0540 
12.4000 1.1992 0.0622 150000 -0.0529 
14.3000 1.2019 0.0775 150000 -0.0473 
12.9000 1.2088 0.0657 150000 -0.0518 
14.2000 1.2095 0.0755 150000 -0.0474 
14.1000 1.2144 0.0738 150000 -0.0474 
13.0000 1.2165 0.0657 150000 -0.0517 
13.8000 1.2363 0.0680 150000 -0.0479 
14.0000 1.2372 0.0702 150000 -0.0477 
13.9000 1.2549 0.0672 150000 -0.0478 
13.5000 1.2559 0.0627 150000 -0.0483 
12.8000 1.2564 0.0588 150000 -0.0520 
13.7000 1.2602 0.0645 150000 -0.0480 
12.5000 1.2701 0.0541 150000 -0.0528 
13.1000 1.2717 0.0592 150000 -0.0511 
13.6000 1.2718 0.0622 150000 -0.0482 
13.3000 1.2741 0.0587 150000 -0.0489 
13.4000 1.2843 0.0589 150000 -0.0489 
13.2000 1.2915 0.0561 150000 -0.0494 
12.6000 1.2938 0.0521 150000 -0.0526 
12.7000 1.3022 0.0523 150000 -0.0524 
-5.0000 -0.0989 0.0183 200000 -0.0881 
-4.9000 -0.0892 0.0182 200000 -0.0880 
-4.8000 -0.0807 0.0179 200000 -0.0877 
-4.7000 -0.0720 0.0176 200000 -0.0874 
-4.6000 -0.0623 0.0176 200000 -0.0873 
-4.5000 -0.0618 0.0164 200000 -0.0864 
-4.4000 -0.0568 0.0159 200000 -0.0860 
-4.3000 -0.0494 0.0156 200000 -0.0857 
-4.2000 -0.0462 0.0152 200000 -0.0844 
-4.1000 -0.0367 0.0153 200000 -0.0839 
-4.0000 -0.0262 0.0155 200000 -0.0837 
-3.9000 -0.0155 0.0156 200000 -0.0836 
-3.8000 -0.0049 0.0157 200000 -0.0834 
-3.7000 0.0058 0.0159 200000 -0.0832 
-3.6000 0.0164 0.0161 200000 -0.0830 
-3.5000 0.0270 0.0163 200000 -0.0827 
-3.4000 0.0375 0.0166 200000 -0.0823 
-3.3000 0.0483 0.0167 200000 -0.0822 
-3.2000 0.0587 0.0170 200000 -0.0819 
-3.1000 0.0693 0.0171 200000 -0.0819 
-3.0000 0.0799 0.0173 200000 -0.0815 
-2.9000 0.0907 0.0173 200000 -0.0814 
-2.8000 0.1013 0.0176 200000 -0.0811 
-2.7000 0.1123 0.0175 200000 -0.0812 
-2.6000 0.1228 0.0178 200000 -0.0809 
-2.5000 0.1338 0.0178 200000 -0.0809 
-2.4000 0.1447 0.0179 200000 -0.0809 
-2.3000 0.1556 0.0180 200000 -0.0809 
-2.2000 0.1666 0.0181 200000 -0.0811 
-2.1000 0.1770 0.0181 200000 -0.0809 
-2.0000 0.1874 0.0182 200000 -0.0804 
-1.9000 0.1979 0.0184 200000 -0.0801 
-1.8000 0.2081 0.0187 200000 -0.0796 
-1.7000 0.2188 0.0188 200000 -0.0795 
-1.6000 0.2295 0.0192 200000 -0.0793 
-1.5000 0.2382 0.0193 200000 -0.0785 
-1.4000 0.2477 0.0195 200000 -0.0783 
-1.3000 0.2585 0.0196 200000 -0.0788 
-1.2000 0.2674 0.0198 200000 -0.0779 
-1.1000 0.2781 0.0197 200000 -0.0780 
-1.0000 0.2881 0.0198 200000 -0.0778 
-0.9000 0.2981 0.0199 200000 -0.0776 
-0.8000 0.3092 0.0198 200000 -0.0780 
-0.7000 0.3191 0.0199 200000 -0.0778 
-0.6000 0.3294 0.0201 200000 -0.0777 
-0.5000 0.3399 0.0201 200000 -0.0779 
-0.4000 0.3503 0.0202 200000 -0.0779 
-0.3000 0.3609 0.0202 200000 -0.0781 
-0.2000 0.3715 0.0203 200000 -0.0782 
-0.1000 0.3820 0.0203 200000 -0.0782 
0.0000 0.3920 0.0203 200000 -0.0783 
0.1000 0.4023 0.0203 200000 -0.0783 
0.2000 0.4122 0.0203 200000 -0.0782 
0.3000 0.4224 0.0204 200000 -0.0782 
0.4000 0.4321 0.0204 200000 -0.0781 
0.5000 0.4426 0.0205 200000 -0.0781 
0.6000 0.4528 0.0205 200000 -0.0781 
0.7000 0.4629 0.0206 200000 -0.0779 
0.8000 0.4735 0.0207 200000 -0.0780 
0.9000 0.4835 0.0207 200000 -0.0779 
1.0000 0.4943 0.0208 200000 -0.0780 
1.1000 0.5047 0.0209 200000 -0.0780 
1.2000 0.5156 0.0209 200000 -0.0781 
1.3000 0.5262 0.0210 200000 -0.0782 
1.4000 0.5374 0.0210 200000 -0.0784 
1.5000 0.5481 0.0211 200000 -0.0785 
1.6000 0.5588 0.0212 200000 -0.0786 
1.7000 0.5703 0.0212 200000 -0.0788 
1.8000 0.5817 0.0213 200000 -0.0789 
1.9000 0.5924 0.0214 200000 -0.0791 
2.0000 0.6025 0.0217 200000 -0.0791 
2.1000 0.6100 0.0224 200000 -0.0789 
2.2000 0.6201 0.0225 200000 -0.0789 
2.3000 0.6291 0.0225 200000 -0.0787 
2.4000 0.6390 0.0225 200000 -0.0788 
2.5000 0.6484 0.0226 200000 -0.0787 
2.6000 0.6560 0.0227 200000 -0.0780 
2.7000 0.6658 0.0228 200000 -0.0782 
2.8000 0.6747 0.0229 200000 -0.0780 
2.9000 0.6828 0.0231 200000 -0.0776 
3.0000 0.6923 0.0232 200000 -0.0777 
3.1000 0.7008 0.0234 200000 -0.0775 
3.2000 0.7091 0.0236 200000 -0.0772 
3.3000 0.7188 0.0238 200000 -0.0774 
3.4000 0.7277 0.0239 200000 -0.0772 
3.5000 0.7371 0.0241 200000 -0.0770 
3.6000 0.7462 0.0243 200000 -0.0770 
3.7000 0.7570 0.0243 200000 -0.0771 
3.8000 0.7663 0.0245 200000 -0.0772 
3.9000 0.7774 0.0245 200000 -0.0773 
4.0000 0.7861 0.0248 200000 -0.0772 
4.1000 0.7976 0.0247 200000 -0.0773 
4.2000 0.8067 0.0250 200000 -0.0772 
4.3000 0.8176 0.0249 200000 -0.0772 
4.4000 0.8292 0.0248 200000 -0.0774 
4.5000 0.8388 0.0250 200000 -0.0773 
4.6000 0.8492 0.0250 200000 -0.0772 
4.7000 0.8591 0.0251 200000 -0.0772 
4.8000 0.8699 0.0252 200000 -0.0773 
4.9000 0.8803 0.0253 200000 -0.0772 
5.0000 0.8909 0.0254 200000 -0.0773 
5.1000 0.9011 0.0256 200000 -0.0773 
5.2000 0.9117 0.0258 200000 -0.0774 
5.3000 0.9219 0.0261 200000 -0.0775 
5.4000 0.9286 0.0269 200000 -0.0773 
5.5000 0.9332 0.0274 200000 -0.0767 
6.2000 0.9380 0.0319 200000 -0.0705 
6.3000 0.9384 0.0327 200000 -0.0696 
5.6000 0.9388 0.0277 200000 -0.0762 
6.1000 0.9413 0.0310 200000 -0.0716 
6.0000 0.9418 0.0303 200000 -0.0727 
5.7000 0.9428 0.0281 200000 -0.0756 
5.9000 0.9444 0.0294 200000 -0.0738 
5.8000 0.9448 0.0287 200000 -0.0749 
6.4000 0.9458 0.0328 200000 -0.0693 
6.5000 0.9494 0.0334 200000 -0.0687 
6.6000 0.9592 0.0334 200000 -0.0687 
6.7000 0.9635 0.0340 200000 -0.0682 
6.8000 0.9758 0.0339 200000 -0.0683 
7.0000 0.9916 0.0344 200000 -0.0679 
6.9000 1.0284 0.0304 200000 -0.0716 
7.1000 1.0655 0.0291 200000 -0.0729 
7.4000 1.1177 0.0273 200000 -0.0746 
7.2000 1.1185 0.0252 200000 -0.0766 
7.3000 1.1278 0.0254 200000 -0.0765 
7.5000 1.1575 0.0251 200000 -0.0774 
7.6000 1.1629 0.0258 200000 -0.0771 
7.7000 1.1675 0.0266 200000 -0.0767 
15.0000 1.1726 0.0888 200000 -0.0480 
7.8000 1.1735 0.0269 200000 -0.0762 
14.7000 1.1736 0.0849 200000 -0.0478 
8.3000 1.1773 0.0295 200000 -0.0712 
14.6000 1.1775 0.0831 200000 -0.0479 
7.9000 1.1782 0.0269 200000 -0.0754 
14.9000 1.1805 0.0865 200000 -0.0480 
8.0000 1.1819 0.0273 200000 -0.0747 
8.1000 1.1823 0.0279 200000 -0.0737 
14.5000 1.1825 0.0814 200000 -0.0478 
14.3000 1.1870 0.0784 200000 -0.0478 
14.4000 1.1870 0.0795 200000 -0.0479 
14.1000 1.1895 0.0757 200000 -0.0479 
8.2000 1.1904 0.0275 200000 -0.0732 
14.2000 1.1907 0.0768 200000 -0.0478 
13.8000 1.2023 0.0709 200000 -0.0481 
8.4000 1.2062 0.0275 200000 -0.0726 
8.5000 1.2112 0.0283 200000 -0.0726 
13.5000 1.2147 0.0662 200000 -0.0484 
13.7000 1.2154 0.0684 200000 -0.0482 
13.9000 1.2193 0.0702 200000 -0.0482 
13.3000 1.2211 0.0633 200000 -0.0486 
13.4000 1.2305 0.0634 200000 -0.0486 
13.2000 1.2332 0.0609 200000 -0.0488 
8.6000 1.2339 0.0275 200000 -0.0744 
13.6000 1.2348 0.0652 200000 -0.0484 
8.8000 1.2437 0.0286 200000 -0.0737 
8.7000 1.2532 0.0267 200000 -0.0752 
13.1000 1.2724 0.0557 200000 -0.0494 
8.9000 1.2847 0.0259 200000 -0.0765 
13.0000 1.2982 0.0520 200000 -0.0500 
12.9000 1.2995 0.0508 200000 -0.0502 
12.3000 1.3014 0.0446 200000 -0.0519 
12.8000 1.3072 0.0490 200000 -0.0506 
9.0000 1.3118 0.0246 200000 -0.0782 
12.5000 1.3129 0.0454 200000 -0.0516 
12.0000 1.3166 0.0404 200000 -0.0533 
12.2000 1.3168 0.0423 200000 -0.0527 
12.6000 1.3189 0.0459 200000 -0.0513 
9.1000 1.3223 0.0248 200000 -0.0783 
12.7000 1.3347 0.0454 200000 -0.0515 
9.2000 1.3401 0.0242 200000 -0.0791 
12.4000 1.3507 0.0412 200000 -0.0529 
9.3000 1.3608 0.0235 200000 -0.0802 
9.4000 1.3747 0.0232 200000 -0.0805 
9.5000 1.3804 0.0236 200000 -0.0801 
9.6000 1.3806 0.0236 200000 -0.0785 
9.7000 1.3835 0.0235 200000 -0.0773 
11.9000 1.3854 0.0336 200000 -0.0560 
9.8000 1.3885 0.0237 200000 -0.0765 
9.9000 1.3998 0.0229 200000 -0.0762 
11.8000 1.4026 0.0314 200000 -0.0571 
10.0000 1.4092 0.0226 200000 -0.0757 
11.5000 1.4134 0.0281 200000 -0.0592 
10.1000 1.4224 0.0221 200000 -0.0758 
11.7000 1.4279 0.0287 200000 -0.0589 
10.2000 1.4324 0.0221 200000 -0.0756 
10.4000 1.4330 0.0220 200000 -0.0721 
11.4000 1.4350 0.0261 200000 -0.0613 
11.2000 1.4375 0.0246 200000 -0.0630 
11.1000 1.4410 0.0238 200000 -0.0641 
10.6000 1.4414 0.0226 200000 -0.0706 
10.3000 1.4420 0.0216 200000 -0.0750 
10.5000 1.4426 0.0223 200000 -0.0722 
11.0000 1.4427 0.0234 200000 -0.0654 
10.7000 1.4437 0.0228 200000 -0.0695 
10.8000 1.4486 0.0232 200000 -0.0691 
10.9000 1.4500 0.0227 200000 -0.0674 
11.3000 1.4504 0.0246 200000 -0.0631 
-5.0000 -0.1007 0.0169 250000 -0.0872 
-4.9000 -0.0906 0.0168 250000 -0.0872 
-4.8000 -0.0816 0.0166 250000 -0.0869 
-4.7000 -0.0719 0.0164 250000 -0.0868 
-4.6000 -0.0617 0.0163 250000 -0.0867 
-4.5000 -0.0525 0.0160 250000 -0.0865 
-4.4000 -0.0438 0.0157 250000 -0.0862 
-4.3000 -0.0348 0.0155 250000 -0.0861 
-4.1000 -0.0301 0.0136 250000 -0.0846 
-4.0000 -0.0225 0.0134 250000 -0.0841 
-3.9000 -0.0136 0.0134 250000 -0.0836 
-3.8000 -0.0027 0.0135 250000 -0.0835 
-3.7000 0.0080 0.0136 250000 -0.0834 
-3.6000 0.0191 0.0137 250000 -0.0833 
-3.5000 0.0299 0.0138 250000 -0.0831 
-3.4000 0.0407 0.0140 250000 -0.0830 
-3.3000 0.0520 0.0141 250000 -0.0831 
-3.2000 0.0623 0.0145 250000 -0.0827 
-3.1000 0.0731 0.0147 250000 -0.0826 
-3.0000 0.0837 0.0150 250000 -0.0825 
-2.9000 0.0948 0.0150 250000 -0.0825 
-2.8000 0.1057 0.0152 250000 -0.0824 
-2.7000 0.1168 0.0152 250000 -0.0824 
-2.6000 0.1274 0.0154 250000 -0.0822 
-2.5000 0.1385 0.0153 250000 -0.0823 
-2.4000 0.1494 0.0154 250000 -0.0822 
-2.3000 0.1601 0.0155 250000 -0.0821 
-2.2000 0.1710 0.0155 250000 -0.0821 
-2.1000 0.1819 0.0156 250000 -0.0820 
-2.0000 0.1927 0.0157 250000 -0.0819 
-1.9000 0.2035 0.0158 250000 -0.0818 
-1.8000 0.2144 0.0159 250000 -0.0818 
-1.7000 0.2253 0.0160 250000 -0.0818 
-1.6000 0.2359 0.0161 250000 -0.0816 
-1.5000 0.2457 0.0163 250000 -0.0811 
-1.4000 0.2560 0.0165 250000 -0.0806 
-1.3000 0.2683 0.0161 250000 -0.0816 
-1.2000 0.2779 0.0166 250000 -0.0806 
-1.1000 0.2889 0.0166 250000 -0.0807 
-1.0000 0.2998 0.0166 250000 -0.0807 
-0.9000 0.3106 0.0169 250000 -0.0805 
-0.8000 0.3227 0.0164 250000 -0.0813 
-0.7000 0.3329 0.0168 250000 -0.0809 
-0.6000 0.3432 0.0169 250000 -0.0806 
-0.5000 0.3542 0.0169 250000 -0.0807 
-0.4000 0.3648 0.0169 250000 -0.0806 
-0.3000 0.3761 0.0169 250000 -0.0808 
-0.2000 0.3867 0.0169 250000 -0.0807 
-0.1000 0.3977 0.0170 250000 -0.0808 
0.0000 0.4087 0.0170 250000 -0.0809 
0.1000 0.4197 0.0171 250000 -0.0810 
0.2000 0.4304 0.0172 250000 -0.0810 
0.3000 0.4410 0.0173 250000 -0.0811 
0.4000 0.4510 0.0176 250000 -0.0810 
0.5000 0.4601 0.0180 250000 -0.0809 
0.6000 0.4708 0.0180 250000 -0.0810 
0.7000 0.4815 0.0180 250000 -0.0810 
0.8000 0.4923 0.0180 250000 -0.0811 
0.9000 0.5028 0.0181 250000 -0.0811 
1.0000 0.5136 0.0181 250000 -0.0812 
1.1000 0.5242 0.0182 250000 -0.0812 
1.2000 0.5349 0.0182 250000 -0.0813 
1.3000 0.5454 0.0183 250000 -0.0814 
1.4000 0.5562 0.0183 250000 -0.0815 
1.5000 0.5667 0.0184 250000 -0.0815 
1.6000 0.5773 0.0185 250000 -0.0816 
1.7000 0.5880 0.0185 250000 -0.0817 
1.8000 0.5988 0.0185 250000 -0.0817 
1.9000 0.6090 0.0185 250000 -0.0817 
2.0000 0.6192 0.0185 250000 -0.0817 
2.1000 0.6294 0.0186 250000 -0.0817 
2.2000 0.6397 0.0186 250000 -0.0817 
2.3000 0.6500 0.0186 250000 -0.0816 
2.4000 0.6605 0.0187 250000 -0.0816 
2.5000 0.6711 0.0187 250000 -0.0817 
2.6000 0.6814 0.0188 250000 -0.0815 
2.7000 0.6919 0.0188 250000 -0.0817 
2.8000 0.7028 0.0189 250000 -0.0817 
2.9000 0.7133 0.0189 250000 -0.0817 
3.0000 0.7241 0.0190 250000 -0.0818 
3.1000 0.7347 0.0191 250000 -0.0819 
3.2000 0.7453 0.0191 250000 -0.0818 
3.3000 0.7565 0.0192 250000 -0.0820 
3.4000 0.7675 0.0192 250000 -0.0821 
3.5000 0.7786 0.0193 250000 -0.0821 
3.6000 0.7892 0.0194 250000 -0.0823 
3.7000 0.8009 0.0194 250000 -0.0825 
3.8000 0.8115 0.0195 250000 -0.0826 
3.9000 0.8229 0.0196 250000 -0.0828 
4.0000 0.8333 0.0198 250000 -0.0828 
4.1000 0.8437 0.0200 250000 -0.0829 
4.2000 0.8526 0.0205 250000 -0.0828 
4.3000 0.8602 0.0209 250000 -0.0825 
4.4000 0.8706 0.0208 250000 -0.0825 
4.5000 0.8802 0.0209 250000 -0.0824 
4.6000 0.8894 0.0209 250000 -0.0821 
4.7000 0.8989 0.0210 250000 -0.0821 
4.8000 0.9089 0.0211 250000 -0.0821 
4.9000 0.9181 0.0211 250000 -0.0818 
5.0000 0.9265 0.0213 250000 -0.0815 
5.1000 0.9361 0.0215 250000 -0.0816 
5.2000 0.9449 0.0216 250000 -0.0813 
5.3000 0.9550 0.0216 250000 -0.0813 
5.4000 0.9639 0.0218 250000 -0.0812 
5.5000 0.9725 0.0221 250000 -0.0810 
5.6000 0.9819 0.0222 250000 -0.0809 
5.7000 0.9914 0.0223 250000 -0.0809 
5.8000 1.0035 0.0221 250000 -0.0810 
5.9000 1.0099 0.0227 250000 -0.0807 
6.0000 1.0231 0.0222 250000 -0.0809 
6.1000 1.0427 0.0210 250000 -0.0815 
6.2000 1.0492 0.0216 250000 -0.0812 
6.3000 1.0678 0.0207 250000 -0.0819 
6.4000 1.0691 0.0218 250000 -0.0812 
6.5000 1.0963 0.0200 250000 -0.0827 
6.6000 1.1068 0.0201 250000 -0.0828 
6.7000 1.1171 0.0204 250000 -0.0828 
6.8000 1.1250 0.0209 250000 -0.0826 
6.9000 1.1348 0.0207 250000 -0.0824 
7.0000 1.1428 0.0211 250000 -0.0822 
7.1000 1.1528 0.0209 250000 -0.0821 
7.2000 1.1625 0.0206 250000 -0.0817 
7.3000 1.1714 0.0208 250000 -0.0816 
7.4000 1.1789 0.0212 250000 -0.0814 
14.7000 1.1827 0.0836 250000 -0.0484 
14.6000 1.1854 0.0820 250000 -0.0484 
15.0000 1.1860 0.0869 250000 -0.0485 
14.5000 1.1884 0.0805 250000 -0.0483 
14.9000 1.1893 0.0852 250000 -0.0485 
14.1000 1.1899 0.0755 250000 -0.0484 
14.3000 1.1903 0.0779 250000 -0.0484 
14.2000 1.1907 0.0766 250000 -0.0484 
14.8000 1.1912 0.0837 250000 -0.0485 
13.8000 1.1916 0.0719 250000 -0.0486 
14.4000 1.1916 0.0789 250000 -0.0485 
7.5000 1.1923 0.0200 250000 -0.0812 
14.0000 1.1940 0.0739 250000 -0.0485 
13.5000 1.1952 0.0681 250000 -0.0488 
13.7000 1.1960 0.0703 250000 -0.0486 
13.3000 1.1973 0.0657 250000 -0.0489 
7.6000 1.1987 0.0206 250000 -0.0809 
13.9000 1.2018 0.0719 250000 -0.0486 
13.2000 1.2040 0.0638 250000 -0.0491 
13.4000 1.2043 0.0660 250000 -0.0489 
7.7000 1.2055 0.0212 250000 -0.0806 
13.6000 1.2082 0.0679 250000 -0.0488 
7.8000 1.2159 0.0210 250000 -0.0805 
7.9000 1.2240 0.0212 250000 -0.0803 
8.0000 1.2336 0.0213 250000 -0.0801 
13.1000 1.2353 0.0593 250000 -0.0495 
8.1000 1.2418 0.0215 250000 -0.0799 
12.3000 1.2475 0.0494 250000 -0.0511 
12.0000 1.2498 0.0461 250000 -0.0519 
12.5000 1.2499 0.0512 250000 -0.0508 
13.0000 1.2552 0.0561 250000 -0.0500 
12.8000 1.2563 0.0538 250000 -0.0504 
8.2000 1.2564 0.0208 250000 -0.0802 
8.3000 1.2583 0.0218 250000 -0.0794 
12.2000 1.2602 0.0471 250000 -0.0517 
12.1000 1.2630 0.0459 250000 -0.0519 
12.6000 1.2658 0.0507 250000 -0.0508 
8.4000 1.2809 0.0202 250000 -0.0803 
12.7000 1.2868 0.0497 250000 -0.0510 
8.5000 1.2939 0.0199 250000 -0.0804 
12.4000 1.2984 0.0455 250000 -0.0520 
8.6000 1.3063 0.0196 250000 -0.0806 
11.9000 1.3158 0.0392 250000 -0.0541 
8.7000 1.3218 0.0192 250000 -0.0811 
8.8000 1.3277 0.0198 250000 -0.0808 
11.6000 1.3307 0.0350 250000 -0.0556 
11.5000 1.3317 0.0339 250000 -0.0560 
11.8000 1.3404 0.0360 250000 -0.0552 
8.9000 1.3406 0.0192 250000 -0.0808 
9.0000 1.3482 0.0190 250000 -0.0802 
9.1000 1.3611 0.0190 250000 -0.0809 
11.2000 1.3656 0.0283 250000 -0.0585 
11.4000 1.3737 0.0295 250000 -0.0579 
9.2000 1.3772 0.0188 250000 -0.0821 
11.1000 1.3783 0.0265 250000 -0.0596 
9.3000 1.3864 0.0186 250000 -0.0819 
11.0000 1.3884 0.0250 250000 -0.0608 
9.4000 1.3969 0.0181 250000 -0.0815 
9.5000 1.4062 0.0183 250000 -0.0815 
10.9000 1.4123 0.0227 250000 -0.0633 
11.3000 1.4130 0.0257 250000 -0.0604 
9.6000 1.4155 0.0178 250000 -0.0809 
9.7000 1.4220 0.0179 250000 -0.0804 
10.4000 1.4225 0.0194 250000 -0.0693 
9.8000 1.4343 0.0182 250000 -0.0808 
9.9000 1.4361 0.0182 250000 -0.0795 
10.3000 1.4404 0.0186 250000 -0.0732 
10.0000 1.4423 0.0184 250000 -0.0788 
10.6000 1.4433 0.0196 250000 -0.0694 
10.1000 1.4468 0.0184 250000 -0.0778 
10.7000 1.4528 0.0198 250000 -0.0693 
10.2000 1.4544 0.0186 250000 -0.0774 
10.5000 1.4547 0.0190 250000 -0.0724 
10.8000 1.4625 0.0199 250000 -0.0694 
-5.0000 -0.1055 0.0133 500000 -0.0855 
-4.9000 -0.0950 0.0133 500000 -0.0855 
-4.8000 -0.0848 0.0132 500000 -0.0854 
-4.7000 -0.0742 0.0131 500000 -0.0855 
-4.6000 -0.0635 0.0131 500000 -0.0854 
-4.5000 -0.0532 0.0130 500000 -0.0855 
-4.4000 -0.0425 0.0130 500000 -0.0855 
-4.3000 -0.0316 0.0130 500000 -0.0855 
-4.2000 -0.0210 0.0129 500000 -0.0854 
-4.1000 -0.0103 0.0129 500000 -0.0854 
-4.0000 0.0005 0.0128 500000 -0.0854 
-3.9000 0.0109 0.0127 500000 -0.0854 
-3.8000 0.0216 0.0126 500000 -0.0854 
-3.7000 0.0313 0.0124 500000 -0.0852 
-3.5000 0.0490 0.0118 500000 -0.0849 
-3.4000 0.0570 0.0114 500000 -0.0847 
-3.3000 0.0689 0.0115 500000 -0.0848 
-3.2000 0.0720 0.0105 500000 -0.0840 
-3.1000 0.0808 0.0103 500000 -0.0838 
-3.0000 0.0894 0.0100 500000 -0.0835 
-2.9000 0.1021 0.0101 500000 -0.0838 
-2.8000 0.1105 0.0100 500000 -0.0834 
-2.7000 0.1232 0.0100 500000 -0.0837 
-2.6000 0.1325 0.0100 500000 -0.0833 
-2.5000 0.1439 0.0100 500000 -0.0834 
-2.4000 0.1554 0.0100 500000 -0.0835 
-2.3000 0.1663 0.0100 500000 -0.0834 
-2.2000 0.1775 0.0101 500000 -0.0835 
-2.1000 0.1888 0.0101 500000 -0.0835 
-2.0000 0.2001 0.0102 500000 -0.0835 
-1.9000 0.2116 0.0102 500000 -0.0836 
-1.8000 0.2228 0.0103 500000 -0.0836 
-1.7000 0.2339 0.0103 500000 -0.0836 
-1.6000 0.2451 0.0103 500000 -0.0836 
-1.5000 0.2564 0.0104 500000 -0.0836 
-1.4000 0.2677 0.0105 500000 -0.0837 
-1.3000 0.2793 0.0104 500000 -0.0838 
-1.2000 0.2905 0.0105 500000 -0.0838 
-1.1000 0.3018 0.0105 500000 -0.0839 
-1.0000 0.3132 0.0106 500000 -0.0840 
-0.9000 0.3245 0.0107 500000 -0.0840 
-0.8000 0.3361 0.0106 500000 -0.0843 
-0.7000 0.3473 0.0107 500000 -0.0843 
-0.6000 0.3586 0.0109 500000 -0.0843 
-0.5000 0.3700 0.0109 500000 -0.0844 
-0.4000 0.3811 0.0109 500000 -0.0845 
-0.3000 0.3924 0.0110 500000 -0.0846 
-0.2000 0.4037 0.0111 500000 -0.0848 
-0.1000 0.4145 0.0113 500000 -0.0847 
0.0000 0.4258 0.0113 500000 -0.0849 
0.1000 0.4371 0.0113 500000 -0.0850 
0.2000 0.4481 0.0114 500000 -0.0849 
0.3000 0.4591 0.0116 500000 -0.0848 
0.4000 0.4705 0.0115 500000 -0.0849 
0.5000 0.4817 0.0116 500000 -0.0849 
0.6000 0.4929 0.0117 500000 -0.0849 
0.7000 0.5043 0.0117 500000 -0.0851 
0.8000 0.5156 0.0117 500000 -0.0852 
0.9000 0.5269 0.0118 500000 -0.0852 
1.0000 0.5381 0.0118 500000 -0.0853 
1.1000 0.5491 0.0117 500000 -0.0854 
1.2000 0.5604 0.0117 500000 -0.0855 
1.3000 0.5715 0.0117 500000 -0.0856 
1.4000 0.5828 0.0117 500000 -0.0857 
1.5000 0.5938 0.0117 500000 -0.0858 
1.6000 0.6050 0.0118 500000 -0.0859 
1.7000 0.6163 0.0118 500000 -0.0860 
1.8000 0.6275 0.0117 500000 -0.0861 
1.9000 0.6386 0.0118 500000 -0.0861 
2.0000 0.6497 0.0118 500000 -0.0862 
2.1000 0.6609 0.0118 500000 -0.0863 
2.2000 0.6721 0.0118 500000 -0.0864 
2.3000 0.6832 0.0118 500000 -0.0864 
2.4000 0.6944 0.0118 500000 -0.0865 
2.5000 0.7057 0.0119 500000 -0.0866 
2.6000 0.7168 0.0119 500000 -0.0867 
2.7000 0.7280 0.0119 500000 -0.0868 
2.8000 0.7392 0.0119 500000 -0.0869 
2.9000 0.7504 0.0120 500000 -0.0870 
3.0000 0.7616 0.0120 500000 -0.0871 
3.1000 0.7728 0.0120 500000 -0.0872 
3.2000 0.7839 0.0120 500000 -0.0873 
3.3000 0.7951 0.0121 500000 -0.0874 
3.4000 0.8063 0.0121 500000 -0.0875 
3.5000 0.8173 0.0121 500000 -0.0875 
3.6000 0.8284 0.0121 500000 -0.0876 
3.7000 0.8395 0.0122 500000 -0.0877 
3.8000 0.8506 0.0122 500000 -0.0878 
3.9000 0.8618 0.0123 500000 -0.0879 
4.0000 0.8729 0.0124 500000 -0.0881 
4.1000 0.8831 0.0125 500000 -0.0880 
4.2000 0.8942 0.0128 500000 -0.0882 
4.3000 0.9052 0.0128 500000 -0.0882 
4.4000 0.9162 0.0127 500000 -0.0883 
4.5000 0.9268 0.0123 500000 -0.0881 
4.6000 0.9374 0.0120 500000 -0.0879 
4.7000 0.9487 0.0124 500000 -0.0883 
4.8000 0.9594 0.0121 500000 -0.0881 
4.9000 0.9700 0.0119 500000 -0.0880 
5.0000 0.9809 0.0121 500000 -0.0881 
5.1000 0.9917 0.0120 500000 -0.0881 
5.2000 1.0026 0.0120 500000 -0.0881 
5.3000 1.0133 0.0119 500000 -0.0881 
5.4000 1.0243 0.0121 500000 -0.0883 
5.5000 1.0352 0.0122 500000 -0.0884 
5.6000 1.0460 0.0123 500000 -0.0884 
5.7000 1.0569 0.0123 500000 -0.0885 
5.8000 1.0674 0.0121 500000 -0.0883 
5.9000 1.0785 0.0123 500000 -0.0886 
6.0000 1.0885 0.0121 500000 -0.0883 
6.1000 1.0990 0.0121 500000 -0.0882 
6.2000 1.1102 0.0122 500000 -0.0884 
6.3000 1.1206 0.0122 500000 -0.0883 
6.4000 1.1320 0.0124 500000 -0.0886 
6.5000 1.1416 0.0124 500000 -0.0884 
6.6000 1.1517 0.0123 500000 -0.0883 
6.7000 1.1621 0.0123 500000 -0.0882 
9.4000 1.1685 0.0268 500000 -0.0558 
6.8000 1.1732 0.0124 500000 -0.0884 
10.4000 1.1735 0.0368 500000 -0.0548 
11.2000 1.1796 0.0440 500000 -0.0528 
12.0000 1.1814 0.0521 500000 -0.0510 
6.9000 1.1831 0.0123 500000 -0.0882 
11.5000 1.1857 0.0464 500000 -0.0521 
12.1000 1.1869 0.0527 500000 -0.0510 
11.1000 1.1871 0.0423 500000 -0.0533 
12.2000 1.1896 0.0534 500000 -0.0510 
11.6000 1.1898 0.0470 500000 -0.0520 
11.0000 1.1905 0.0410 500000 -0.0537 
12.3000 1.1918 0.0543 500000 -0.0508 
7.0000 1.1941 0.0124 500000 -0.0883 
11.4000 1.1977 0.0443 500000 -0.0528 
11.7000 1.1978 0.0473 500000 -0.0520 
10.3000 1.1979 0.0320 500000 -0.0530 
11.9000 1.1993 0.0492 500000 -0.0516 
9.6000 1.2003 0.0258 500000 -0.0564 
12.5000 1.2018 0.0555 500000 -0.0507 
10.9000 1.2021 0.0390 500000 -0.0545 
7.1000 1.2037 0.0123 500000 -0.0881 
11.3000 1.2038 0.0428 500000 -0.0533 
9.7000 1.2059 0.0262 500000 -0.0562 
11.8000 1.2064 0.0475 500000 -0.0521 
12.4000 1.2080 0.0538 500000 -0.0510 
13.3000 1.2090 0.0638 500000 -0.0499 
13.2000 1.2106 0.0625 500000 -0.0500 
13.5000 1.2123 0.0657 500000 -0.0497 
7.2000 1.2134 0.0122 500000 -0.0878 
13.4000 1.2164 0.0642 500000 -0.0499 
13.1000 1.2165 0.0607 500000 -0.0502 
12.8000 1.2179 0.0571 500000 -0.0506 
13.8000 1.2191 0.0684 500000 -0.0496 
12.9000 1.2193 0.0581 500000 -0.0504 
12.7000 1.2194 0.0559 500000 -0.0508 
7.3000 1.2211 0.0120 500000 -0.0871 
13.0000 1.2234 0.0588 500000 -0.0504 
13.7000 1.2239 0.0667 500000 -0.0497 
13.6000 1.2253 0.0654 500000 -0.0498 
14.1000 1.2256 0.0711 500000 -0.0495 
10.7000 1.2268 0.0348 500000 -0.0559 
14.6000 1.2283 0.0766 500000 -0.0494 
14.5000 1.2286 0.0754 500000 -0.0495 
14.7000 1.2286 0.0777 500000 -0.0493 
14.0000 1.2305 0.0694 500000 -0.0497 
14.3000 1.2309 0.0729 500000 -0.0495 
15.0000 1.2312 0.0809 500000 -0.0493 
14.4000 1.2322 0.0739 500000 -0.0496 
13.9000 1.2323 0.0681 500000 -0.0498 
10.5000 1.2329 0.0323 500000 -0.0568 
14.2000 1.2340 0.0714 500000 -0.0495 
7.4000 1.2348 0.0124 500000 -0.0880 
14.9000 1.2387 0.0788 500000 -0.0494 
7.5000 1.2389 0.0121 500000 -0.0865 
14.8000 1.2393 0.0776 500000 -0.0495 
7.6000 1.2489 0.0122 500000 -0.0865 
9.2000 1.2585 0.0188 500000 -0.0635 
7.7000 1.2595 0.0122 500000 -0.0865 
10.8000 1.2640 0.0325 500000 -0.0571 
9.3000 1.2650 0.0191 500000 -0.0632 
7.8000 1.2662 0.0122 500000 -0.0857 
9.9000 1.2717 0.0227 500000 -0.0588 
7.9000 1.2805 0.0124 500000 -0.0866 
10.0000 1.2879 0.0222 500000 -0.0591 
8.0000 1.2889 0.0123 500000 -0.0861 
9.8000 1.2965 0.0203 500000 -0.0613 
8.1000 1.3009 0.0125 500000 -0.0865 
9.1000 1.3056 0.0160 500000 -0.0705 
8.4000 1.3078 0.0131 500000 -0.0822 
8.2000 1.3113 0.0125 500000 -0.0865 
8.7000 1.3148 0.0139 500000 -0.0782 
8.3000 1.3213 0.0126 500000 -0.0865 
10.2000 1.3217 0.0211 500000 -0.0600 
9.0000 1.3401 0.0142 500000 -0.0771 
8.9000 1.3500 0.0135 500000 -0.0805 
8.8000 1.3550 0.0130 500000 -0.0831 
-5.0000 -0.1066 0.0119 750000 -0.0854 
-4.9000 -0.0958 0.0118 750000 -0.0854 
-4.8000 -0.0852 0.0117 750000 -0.0854 
-4.7000 -0.0740 0.0117 750000 -0.0855 
-4.6000 -0.0634 0.0116 750000 -0.0854 
-4.5000 -0.0525 0.0116 750000 -0.0855 
-4.4000 -0.0418 0.0115 750000 -0.0855 
-4.3000 -0.0307 0.0115 750000 -0.0855 
-4.2000 -0.0201 0.0114 750000 -0.0854 
-4.1000 -0.0094 0.0113 750000 -0.0854 
-4.0000 0.0016 0.0112 750000 -0.0854 
-3.8000 0.0234 0.0111 750000 -0.0855 
-3.7000 0.0340 0.0111 750000 -0.0855 
-3.6000 0.0452 0.0110 750000 -0.0855 
-3.5000 0.0559 0.0110 750000 -0.0855 
-3.4000 0.0666 0.0109 750000 -0.0855 
-3.3000 0.0779 0.0109 750000 -0.0855 
-3.2000 0.0859 0.0105 750000 -0.0852 
-3.1000 0.0961 0.0104 750000 -0.0852 
-3.0000 0.1054 0.0102 750000 -0.0850 
-2.9000 0.1184 0.0104 750000 -0.0853 
-2.8000 0.1249 0.0099 750000 -0.0848 
-2.7000 0.1392 0.0103 750000 -0.0852 
-2.6000 0.1449 0.0097 750000 -0.0847 
-2.5000 0.1566 0.0098 750000 -0.0848 
-2.4000 0.1679 0.0098 750000 -0.0849 
-2.3000 0.1780 0.0096 750000 -0.0849 
-2.2000 0.1868 0.0093 750000 -0.0847 
-2.1000 0.1927 0.0088 750000 -0.0841 
-2.0000 0.2024 0.0086 750000 -0.0839 
-1.9000 0.2134 0.0086 750000 -0.0839 
-1.8000 0.2245 0.0086 750000 -0.0839 
-1.7000 0.2361 0.0086 750000 -0.0840 
-1.6000 0.2470 0.0086 750000 -0.0840 
-1.5000 0.2584 0.0086 750000 -0.0840 
-1.4000 0.2698 0.0087 750000 -0.0841 
-1.3000 0.2815 0.0086 750000 -0.0842 
-1.2000 0.2930 0.0087 750000 -0.0843 
-1.1000 0.3045 0.0087 750000 -0.0844 
-1.0000 0.3160 0.0087 750000 -0.0845 
-0.9000 0.3276 0.0088 750000 -0.0846 
-0.8000 0.3390 0.0087 750000 -0.0848 
-0.7000 0.3506 0.0088 750000 -0.0849 
-0.6000 0.3615 0.0088 750000 -0.0848 
-0.5000 0.3731 0.0088 750000 -0.0850 
-0.4000 0.3843 0.0088 750000 -0.0851 
-0.3000 0.3958 0.0088 750000 -0.0852 
-0.2000 0.4072 0.0089 750000 -0.0853 
-0.1000 0.4186 0.0089 750000 -0.0853 
0.0000 0.4301 0.0089 750000 -0.0855 
0.1000 0.4416 0.0089 750000 -0.0856 
0.2000 0.4530 0.0089 750000 -0.0857 
0.3000 0.4642 0.0090 750000 -0.0857 
0.4000 0.4758 0.0090 750000 -0.0859 
0.5000 0.4871 0.0092 750000 -0.0858 
0.6000 0.4984 0.0092 750000 -0.0859 
0.7000 0.5100 0.0091 750000 -0.0861 
0.8000 0.5214 0.0092 750000 -0.0862 
0.9000 0.5323 0.0092 750000 -0.0862 
1.0000 0.5435 0.0092 750000 -0.0862 
1.1000 0.5545 0.0092 750000 -0.0862 
1.2000 0.5660 0.0092 750000 -0.0864 
1.3000 0.5771 0.0093 750000 -0.0864 
1.4000 0.5884 0.0093 750000 -0.0865 
1.5000 0.5997 0.0093 750000 -0.0866 
1.6000 0.6110 0.0094 750000 -0.0867 
1.7000 0.6224 0.0094 750000 -0.0869 
1.8000 0.6335 0.0094 750000 -0.0869 
1.9000 0.6447 0.0095 750000 -0.0870 
2.0000 0.6559 0.0096 750000 -0.0871 
2.1000 0.6672 0.0097 750000 -0.0873 
2.2000 0.6785 0.0098 750000 -0.0874 
2.3000 0.6897 0.0098 750000 -0.0875 
2.4000 0.7011 0.0099 750000 -0.0876 
2.5000 0.7125 0.0099 750000 -0.0877 
2.6000 0.7238 0.0099 750000 -0.0878 
2.7000 0.7351 0.0099 750000 -0.0879 
2.8000 0.7464 0.0099 750000 -0.0880 
2.9000 0.7577 0.0099 750000 -0.0881 
3.0000 0.7691 0.0100 750000 -0.0883 
3.1000 0.7803 0.0099 750000 -0.0883 
3.2000 0.7911 0.0097 750000 -0.0882 
3.3000 0.8027 0.0099 750000 -0.0885 
3.4000 0.8142 0.0100 750000 -0.0887 
3.5000 0.8247 0.0096 750000 -0.0884 
3.6000 0.8359 0.0096 750000 -0.0885 
3.7000 0.8472 0.0097 750000 -0.0886 
3.8000 0.8580 0.0095 750000 -0.0886 
3.9000 0.8698 0.0098 750000 -0.0889 
4.0000 0.8809 0.0097 750000 -0.0890 
4.1000 0.8915 0.0096 750000 -0.0889 
4.2000 0.9020 0.0096 750000 -0.0888 
4.3000 0.9128 0.0096 750000 -0.0889 
4.4000 0.9236 0.0096 750000 -0.0889 
4.5000 0.9350 0.0096 750000 -0.0890 
4.6000 0.9440 0.0097 750000 -0.0887 
4.7000 0.9574 0.0097 750000 -0.0893 
4.8000 0.9676 0.0097 750000 -0.0892 
4.9000 0.9774 0.0097 750000 -0.0889 
5.0000 0.9888 0.0099 750000 -0.0892 
5.1000 0.9996 0.0098 750000 -0.0891 
5.2000 1.0107 0.0098 750000 -0.0892 
5.3000 1.0217 0.0098 750000 -0.0893 
5.4000 1.0327 0.0098 750000 -0.0894 
5.5000 1.0438 0.0099 750000 -0.0895 
5.6000 1.0549 0.0100 750000 -0.0896 
7.5000 1.0628 0.0191 750000 -0.0611 
5.7000 1.0659 0.0100 750000 -0.0897 
5.8000 1.0767 0.0099 750000 -0.0897 
7.6000 1.0792 0.0187 750000 -0.0618 
5.9000 1.0879 0.0101 750000 -0.0898 
7.8000 1.0908 0.0193 750000 -0.0608 
6.0000 1.0986 0.0100 750000 -0.0898 
8.4000 1.1054 0.0227 750000 -0.0574 
6.1000 1.1095 0.0100 750000 -0.0898 
6.2000 1.1205 0.0100 750000 -0.0899 
6.3000 1.1312 0.0100 750000 -0.0899 
8.7000 1.1332 0.0230 750000 -0.0575 
9.4000 1.1411 0.0286 750000 -0.0545 
9.0000 1.1413 0.0250 750000 -0.0563 
6.4000 1.1423 0.0101 750000 -0.0901 
8.9000 1.1426 0.0240 750000 -0.0569 
9.6000 1.1491 0.0297 750000 -0.0540 
9.5000 1.1492 0.0289 750000 -0.0545 
9.7000 1.1519 0.0304 750000 -0.0538 
6.5000 1.1520 0.0101 750000 -0.0899 
9.3000 1.1539 0.0266 750000 -0.0556 
6.6000 1.1623 0.0101 750000 -0.0898 
8.5000 1.1634 0.0195 750000 -0.0612 
9.9000 1.1640 0.0312 750000 -0.0535 
6.7000 1.1713 0.0102 750000 -0.0895 
10.3000 1.1717 0.0343 750000 -0.0523 
10.4000 1.1738 0.0351 750000 -0.0519 
6.8000 1.1825 0.0102 750000 -0.0896 
9.8000 1.1831 0.0286 750000 -0.0548 
10.5000 1.1836 0.0351 750000 -0.0520 
10.6000 1.1846 0.0359 750000 -0.0517 
10.9000 1.1866 0.0386 750000 -0.0508 
11.0000 1.1866 0.0393 750000 -0.0501 
8.0000 1.1877 0.0156 750000 -0.0703 
11.1000 1.1889 0.0400 750000 -0.0497 
10.7000 1.1897 0.0364 750000 -0.0515 
7.3000 1.1964 0.0120 750000 -0.0831 
7.0000 1.2022 0.0103 750000 -0.0893 
11.2000 1.2029 0.0408 750000 -0.0524 
7.1000 1.2085 0.0104 750000 -0.0886 
10.8000 1.2116 0.0354 750000 -0.0521 
11.5000 1.2121 0.0435 750000 -0.0530 
8.8000 1.2128 0.0185 750000 -0.0632 
11.4000 1.2128 0.0425 750000 -0.0533 
11.3000 1.2135 0.0411 750000 -0.0529 
7.2000 1.2137 0.0106 750000 -0.0877 
11.6000 1.2147 0.0443 750000 -0.0528 
11.7000 1.2194 0.0448 750000 -0.0527 
10.2000 1.2197 0.0292 750000 -0.0549 
11.9000 1.2229 0.0464 750000 -0.0522 
11.8000 1.2234 0.0454 750000 -0.0526 
12.0000 1.2260 0.0472 750000 -0.0521 
12.3000 1.2264 0.0504 750000 -0.0516 
12.1000 1.2285 0.0480 750000 -0.0519 
7.9000 1.2295 0.0135 750000 -0.0784 
12.5000 1.2303 0.0521 750000 -0.0513 
12.4000 1.2324 0.0508 750000 -0.0516 
12.6000 1.2338 0.0529 750000 -0.0512 
7.7000 1.2364 0.0122 750000 -0.0828 
7.4000 1.2375 0.0106 750000 -0.0881 
12.8000 1.2420 0.0542 750000 -0.0511 
12.7000 1.2423 0.0531 750000 -0.0513 
12.9000 1.2444 0.0550 750000 -0.0509 
13.1000 1.2472 0.0570 750000 -0.0506 
13.0000 1.2476 0.0558 750000 -0.0508 
13.2000 1.2477 0.0580 750000 -0.0505 
13.4000 1.2485 0.0603 750000 -0.0504 
13.7000 1.2504 0.0635 750000 -0.0500 
13.6000 1.2532 0.0620 750000 -0.0503 
8.2000 1.2540 0.0137 750000 -0.0772 
14.5000 1.2541 0.0723 750000 -0.0496 
13.5000 1.2545 0.0607 750000 -0.0505 
13.3000 1.2553 0.0583 750000 -0.0506 
14.0000 1.2587 0.0659 750000 -0.0500 
13.9000 1.2590 0.0648 750000 -0.0501 
14.2000 1.2619 0.0679 750000 -0.0498 
13.8000 1.2624 0.0633 750000 -0.0504 
8.6000 1.2629 0.0151 750000 -0.0721 
14.7000 1.2638 0.0735 750000 -0.0497 
8.1000 1.2653 0.0129 750000 -0.0808 
15.0000 1.2653 0.0767 750000 -0.0495 
14.3000 1.2659 0.0686 750000 -0.0498 
14.1000 1.2673 0.0661 750000 -0.0500 
14.8000 1.2688 0.0741 750000 -0.0497 
14.4000 1.2695 0.0693 750000 -0.0498 
14.6000 1.2695 0.0716 750000 -0.0498 
14.9000 1.2738 0.0746 750000 -0.0498 
8.3000 1.2873 0.0128 750000 -0.0809 
-5.0000 -0.1064 0.0110 1000000 -0.0855 
-4.9000 -0.0955 0.0109 1000000 -0.0855 
-4.8000 -0.0849 0.0109 1000000 -0.0855 
-4.7000 -0.0743 0.0108 1000000 -0.0855 
-4.6000 -0.0632 0.0108 1000000 -0.0855 
-4.5000 -0.0528 0.0107 1000000 -0.0855 
-4.4000 -0.0420 0.0107 1000000 -0.0855 
-4.3000 -0.0310 0.0106 1000000 -0.0855 
-4.2000 -0.0201 0.0106 1000000 -0.0855 
-4.1000 -0.0092 0.0106 1000000 -0.0855 
-4.0000 0.0016 0.0106 1000000 -0.0855 
-3.9000 0.0122 0.0105 1000000 -0.0855 
-3.8000 0.0233 0.0105 1000000 -0.0856 
-3.7000 0.0344 0.0104 1000000 -0.0856 
-3.6000 0.0455 0.0104 1000000 -0.0856 
-3.4000 0.0675 0.0103 1000000 -0.0858 
-3.3000 0.0788 0.0102 1000000 -0.0858 
-3.1000 0.1009 0.0101 1000000 -0.0859 
-3.0000 0.1120 0.0101 1000000 -0.0859 
-2.9000 0.1234 0.0100 1000000 -0.0860 
-2.8000 0.1343 0.0100 1000000 -0.0860 
-2.7000 0.1459 0.0100 1000000 -0.0861 
-2.6000 0.1548 0.0097 1000000 -0.0859 
-2.5000 0.1678 0.0098 1000000 -0.0861 
-2.4000 0.1780 0.0097 1000000 -0.0861 
-2.3000 0.1886 0.0096 1000000 -0.0861 
-2.2000 0.1974 0.0093 1000000 -0.0859 
-2.1000 0.2066 0.0090 1000000 -0.0857 
-2.0000 0.2147 0.0086 1000000 -0.0854 
-1.9000 0.2246 0.0085 1000000 -0.0853 
-1.8000 0.2292 0.0078 1000000 -0.0846 
-1.7000 0.2402 0.0077 1000000 -0.0846 
-1.6000 0.2503 0.0076 1000000 -0.0845 
-1.5000 0.2610 0.0076 1000000 -0.0844 
-1.4000 0.2725 0.0076 1000000 -0.0845 
-1.3000 0.2843 0.0076 1000000 -0.0847 
-1.2000 0.2957 0.0076 1000000 -0.0847 
-1.1000 0.3069 0.0076 1000000 -0.0848 
-1.0000 0.3186 0.0076 1000000 -0.0849 
-0.9000 0.3295 0.0076 1000000 -0.0849 
-0.8000 0.3417 0.0077 1000000 -0.0852 
-0.7000 0.3526 0.0077 1000000 -0.0852 
-0.6000 0.3640 0.0077 1000000 -0.0852 
-0.5000 0.3753 0.0077 1000000 -0.0853 
-0.4000 0.3868 0.0077 1000000 -0.0854 
-0.3000 0.3983 0.0078 1000000 -0.0855 
-0.2000 0.4096 0.0078 1000000 -0.0857 
-0.1000 0.4213 0.0078 1000000 -0.0858 
0.0000 0.4325 0.0078 1000000 -0.0859 
0.1000 0.4439 0.0079 1000000 -0.0860 
0.2000 0.4554 0.0079 1000000 -0.0861 
0.3000 0.4663 0.0079 1000000 -0.0861 
0.4000 0.4778 0.0080 1000000 -0.0862 
0.5000 0.4887 0.0080 1000000 -0.0862 
0.6000 0.5000 0.0081 1000000 -0.0863 
0.7000 0.5116 0.0081 1000000 -0.0865 
0.8000 0.5229 0.0082 1000000 -0.0866 
0.9000 0.5341 0.0083 1000000 -0.0866 
1.0000 0.5455 0.0083 1000000 -0.0867 
1.1000 0.5570 0.0084 1000000 -0.0868 
1.2000 0.5685 0.0084 1000000 -0.0869 
1.3000 0.5800 0.0084 1000000 -0.0871 
1.4000 0.5915 0.0084 1000000 -0.0872 
1.5000 0.6030 0.0084 1000000 -0.0873 
1.6000 0.6145 0.0084 1000000 -0.0874 
1.7000 0.6260 0.0084 1000000 -0.0875 
1.8000 0.6375 0.0084 1000000 -0.0876 
1.9000 0.6490 0.0084 1000000 -0.0878 
2.0000 0.6603 0.0084 1000000 -0.0879 
2.1000 0.6717 0.0084 1000000 -0.0880 
2.2000 0.6828 0.0084 1000000 -0.0881 
2.3000 0.6942 0.0084 1000000 -0.0882 
2.4000 0.7057 0.0084 1000000 -0.0883 
2.5000 0.7170 0.0084 1000000 -0.0884 
2.6000 0.7282 0.0084 1000000 -0.0884 
2.7000 0.7395 0.0083 1000000 -0.0885 
2.8000 0.7507 0.0082 1000000 -0.0886 
2.9000 0.7622 0.0085 1000000 -0.0888 
3.0000 0.7736 0.0084 1000000 -0.0889 
3.1000 0.7848 0.0084 1000000 -0.0890 
3.2000 0.7947 0.0083 1000000 -0.0887 
3.3000 0.8071 0.0084 1000000 -0.0891 
3.4000 0.8187 0.0084 1000000 -0.0893 
3.5000 0.8282 0.0084 1000000 -0.0890 
3.6000 0.8390 0.0084 1000000 -0.0890 
3.7000 0.8504 0.0085 1000000 -0.0891 
3.8000 0.8608 0.0085 1000000 -0.0891 
3.9000 0.8730 0.0085 1000000 -0.0894 
4.0000 0.8832 0.0086 1000000 -0.0893 
4.1000 0.8947 0.0086 1000000 -0.0894 
4.2000 0.9060 0.0086 1000000 -0.0895 
4.3000 0.9172 0.0086 1000000 -0.0896 
4.4000 0.9286 0.0086 1000000 -0.0897 
4.5000 0.9399 0.0086 1000000 -0.0899 
4.6000 0.9514 0.0086 1000000 -0.0900 
4.7000 0.9622 0.0087 1000000 -0.0901 
4.8000 0.9738 0.0086 1000000 -0.0902 
4.9000 0.9847 0.0086 1000000 -0.0902 
5.0000 0.9961 0.0087 1000000 -0.0904 
5.1000 1.0070 0.0087 1000000 -0.0904 
5.2000 1.0182 0.0087 1000000 -0.0905 
5.3000 1.0285 0.0088 1000000 -0.0904 
5.4000 1.0400 0.0088 1000000 -0.0906 
5.5000 1.0515 0.0088 1000000 -0.0908 
5.6000 1.0626 0.0088 1000000 -0.0909 
7.3000 1.0659 0.0173 1000000 -0.0635 
7.2000 1.0683 0.0167 1000000 -0.0651 
5.7000 1.0733 0.0089 1000000 -0.0909 
7.5000 1.0760 0.0179 1000000 -0.0623 
7.6000 1.0819 0.0182 1000000 -0.0618 
5.8000 1.0825 0.0089 1000000 -0.0907 
7.8000 1.0949 0.0187 1000000 -0.0610 
5.9000 1.0953 0.0089 1000000 -0.0911 
7.7000 1.0967 0.0180 1000000 -0.0623 
6.0000 1.1038 0.0090 1000000 -0.0907 
7.9000 1.1043 0.0187 1000000 -0.0610 
8.0000 1.1075 0.0192 1000000 -0.0604 
6.1000 1.1132 0.0090 1000000 -0.0904 
6.2000 1.1247 0.0090 1000000 -0.0906 
8.4000 1.1252 0.0209 1000000 -0.0586 
8.2000 1.1296 0.0192 1000000 -0.0607 
8.5000 1.1339 0.0210 1000000 -0.0585 
6.3000 1.1353 0.0091 1000000 -0.0906 
8.7000 1.1427 0.0219 1000000 -0.0578 
6.4000 1.1463 0.0091 1000000 -0.0907 
8.6000 1.1504 0.0206 1000000 -0.0591 
8.8000 1.1504 0.0221 1000000 -0.0577 
8.9000 1.1508 0.0229 1000000 -0.0571 
8.1000 1.1542 0.0172 1000000 -0.0644 
9.0000 1.1543 0.0235 1000000 -0.0567 
6.5000 1.1572 0.0091 1000000 -0.0908 
9.1000 1.1590 0.0240 1000000 -0.0565 
7.1000 1.1599 0.0124 1000000 -0.0809 
9.2000 1.1626 0.0246 1000000 -0.0562 
6.6000 1.1662 0.0092 1000000 -0.0905 
9.3000 1.1684 0.0250 1000000 -0.0560 
9.4000 1.1691 0.0259 1000000 -0.0555 
6.7000 1.1719 0.0094 1000000 -0.0896 
9.5000 1.1749 0.0263 1000000 -0.0554 
9.6000 1.1776 0.0269 1000000 -0.0551 
9.7000 1.1806 0.0276 1000000 -0.0548 
7.4000 1.1815 0.0129 1000000 -0.0793 
6.8000 1.1838 0.0094 1000000 -0.0899 
6.9000 1.1853 0.0099 1000000 -0.0884 
9.8000 1.1881 0.0279 1000000 -0.0548 
9.9000 1.1892 0.0286 1000000 -0.0544 
10.0000 1.1935 0.0292 1000000 -0.0541 
7.0000 1.1942 0.0100 1000000 -0.0881 
10.1000 1.1968 0.0299 1000000 -0.0540 
10.3000 1.2010 0.0313 1000000 -0.0532 
10.4000 1.2038 0.0320 1000000 -0.0529 
10.5000 1.2067 0.0327 1000000 -0.0528 
10.6000 1.2095 0.0334 1000000 -0.0525 
10.7000 1.2120 0.0341 1000000 -0.0522 
8.3000 1.2132 0.0155 1000000 -0.0695 
10.9000 1.2170 0.0355 1000000 -0.0517 
11.2000 1.2188 0.0382 1000000 -0.0506 
10.8000 1.2193 0.0344 1000000 -0.0522 
11.3000 1.2236 0.0387 1000000 -0.0504 
11.4000 1.2256 0.0395 1000000 -0.0502 
11.6000 1.2279 0.0411 1000000 -0.0495 
11.7000 1.2295 0.0419 1000000 -0.0493 
11.9000 1.2319 0.0433 1000000 -0.0484 
11.8000 1.2335 0.0424 1000000 -0.0491 
12.6000 1.2597 0.0500 1000000 -0.0517 
12.1000 1.2608 0.0447 1000000 -0.0530 
12.0000 1.2612 0.0436 1000000 -0.0534 
12.4000 1.2622 0.0475 1000000 -0.0521 
12.5000 1.2641 0.0484 1000000 -0.0521 
12.2000 1.2659 0.0451 1000000 -0.0530 
12.7000 1.2670 0.0503 1000000 -0.0518 
12.3000 1.2678 0.0459 1000000 -0.0528 
12.9000 1.2685 0.0523 1000000 -0.0514 
12.8000 1.2689 0.0512 1000000 -0.0517 
13.0000 1.2726 0.0530 1000000 -0.0513 
13.1000 1.2730 0.0540 1000000 -0.0511 
13.6000 1.2783 0.0590 1000000 -0.0505 
13.5000 1.2786 0.0578 1000000 -0.0508 
13.3000 1.2793 0.0555 1000000 -0.0511 
13.8000 1.2815 0.0609 1000000 -0.0507 
13.2000 1.2846 0.0539 1000000 -0.0514 
13.9000 1.2894 0.0612 1000000 -0.0507 
13.4000 1.2898 0.0555 1000000 -0.0512 
14.2000 1.2906 0.0645 1000000 -0.0502 
13.7000 1.2914 0.0587 1000000 -0.0508 
14.0000 1.2962 0.0616 1000000 -0.0507 
14.5000 1.2974 0.0671 1000000 -0.0501 
14.1000 1.2978 0.0626 1000000 -0.0506 
14.3000 1.3038 0.0641 1000000 -0.0505 
14.4000 1.3069 0.0649 1000000 -0.0505 
14.7000 1.3074 0.0682 1000000 -0.0501 
15.0000 1.3089 0.0715 1000000 -0.0500 
14.6000 1.3092 0.0669 1000000 -0.0503 
14.8000 1.3153 0.0685 1000000 -0.0502 
14.9000 1.3185 0.0692 1000000 -0.0502 
-5.0000 -0.1041 0.0093 2000000 -0.0864 
-4.9000 -0.0926 0.0093 2000000 -0.0865 
-4.8000 -0.0817 0.0092 2000000 -0.0865 
-4.7000 -0.0702 0.0092 2000000 -0.0867 
-4.6000 -0.0590 0.0092 2000000 -0.0867 
-4.5000 -0.0480 0.0091 2000000 -0.0868 
-4.4000 -0.0369 0.0091 2000000 -0.0868 
-4.3000 -0.0258 0.0091 2000000 -0.0869 
-4.2000 -0.0144 0.0090 2000000 -0.0869 
-4.1000 -0.0042 0.0089 2000000 -0.0868 
-4.0000 0.0075 0.0089 2000000 -0.0870 
-3.9000 0.0181 0.0088 2000000 -0.0869 
-3.8000 0.0293 0.0088 2000000 -0.0870 
-3.7000 0.0401 0.0088 2000000 -0.0870 
-3.6000 0.0514 0.0087 2000000 -0.0870 
-3.5000 0.0623 0.0087 2000000 -0.0870 
-3.4000 0.0734 0.0086 2000000 -0.0871 
-3.3000 0.0846 0.0086 2000000 -0.0871 
-3.2000 0.0955 0.0086 2000000 -0.0871 
-3.1000 0.1067 0.0085 2000000 -0.0872 
-3.0000 0.1175 0.0085 2000000 -0.0872 
-2.9000 0.1288 0.0085 2000000 -0.0872 
-2.8000 0.1400 0.0085 2000000 -0.0873 
-2.7000 0.1510 0.0085 2000000 -0.0873 
-2.6000 0.1620 0.0084 2000000 -0.0873 
-2.5000 0.1731 0.0084 2000000 -0.0874 
-2.4000 0.1843 0.0084 2000000 -0.0874 
-2.3000 0.1955 0.0084 2000000 -0.0875 
-2.2000 0.2068 0.0084 2000000 -0.0876 
-2.1000 0.2182 0.0083 2000000 -0.0876 
-2.0000 0.2295 0.0083 2000000 -0.0877 
-1.9000 0.2410 0.0083 2000000 -0.0878 
-1.8000 0.2523 0.0083 2000000 -0.0879 
-1.7000 0.2637 0.0082 2000000 -0.0880 
-1.6000 0.2734 0.0080 2000000 -0.0878 
-1.5000 0.2796 0.0074 2000000 -0.0872 
-1.4000 0.2889 0.0072 2000000 -0.0870 
-1.3000 0.3093 0.0081 2000000 -0.0884 
-1.2000 0.3121 0.0072 2000000 -0.0873 
-1.1000 0.3232 0.0072 2000000 -0.0873 
-1.0000 0.3350 0.0072 2000000 -0.0875 
-0.9000 0.3438 0.0069 2000000 -0.0872 
-0.8000 0.3623 0.0076 2000000 -0.0883 
-0.7000 0.3695 0.0071 2000000 -0.0879 
-0.6000 0.3715 0.0062 2000000 -0.0866 
-0.5000 0.3846 0.0063 2000000 -0.0870 
-0.4000 0.3945 0.0062 2000000 -0.0868 
-0.3000 0.4063 0.0062 2000000 -0.0870 
-0.2000 0.4179 0.0062 2000000 -0.0871 
-0.1000 0.4285 0.0062 2000000 -0.0871 
0.0000 0.4407 0.0062 2000000 -0.0873 
0.1000 0.4527 0.0063 2000000 -0.0875 
0.2000 0.4635 0.0062 2000000 -0.0875 
0.3000 0.4750 0.0062 2000000 -0.0876 
0.4000 0.4866 0.0062 2000000 -0.0878 
0.5000 0.4978 0.0062 2000000 -0.0878 
0.6000 0.5094 0.0062 2000000 -0.0880 
0.7000 0.5212 0.0062 2000000 -0.0882 
0.8000 0.5327 0.0062 2000000 -0.0883 
0.9000 0.5438 0.0062 2000000 -0.0883 
1.0000 0.5553 0.0062 2000000 -0.0884 
1.1000 0.5668 0.0062 2000000 -0.0885 
1.2000 0.5783 0.0063 2000000 -0.0887 
1.3000 0.5893 0.0063 2000000 -0.0887 
1.4000 0.6008 0.0063 2000000 -0.0889 
1.5000 0.6114 0.0064 2000000 -0.0888 
1.6000 0.6239 0.0063 2000000 -0.0891 
1.7000 0.6356 0.0064 2000000 -0.0893 
1.8000 0.6454 0.0064 2000000 -0.0891 
1.9000 0.6571 0.0065 2000000 -0.0892 
2.0000 0.6690 0.0065 2000000 -0.0895 
2.1000 0.6794 0.0065 2000000 -0.0894 
2.2000 0.6908 0.0065 2000000 -0.0895 
2.3000 0.7024 0.0065 2000000 -0.0897 
2.4000 0.7136 0.0066 2000000 -0.0897 
2.5000 0.7263 0.0065 2000000 -0.0901 
2.6000 0.7378 0.0065 2000000 -0.0902 
2.7000 0.7489 0.0065 2000000 -0.0903 
2.8000 0.7603 0.0065 2000000 -0.0904 
2.9000 0.7721 0.0065 2000000 -0.0906 
3.0000 0.7836 0.0065 2000000 -0.0907 
3.1000 0.7950 0.0065 2000000 -0.0908 
3.2000 0.8051 0.0066 2000000 -0.0907 
3.3000 0.8176 0.0066 2000000 -0.0910 
3.4000 0.8292 0.0066 2000000 -0.0912 
3.5000 0.8387 0.0067 2000000 -0.0910 
3.6000 0.8498 0.0067 2000000 -0.0911 
3.7000 0.8618 0.0067 2000000 -0.0913 
3.8000 0.8718 0.0068 2000000 -0.0912 
3.9000 0.8847 0.0067 2000000 -0.0916 
4.0000 0.8958 0.0068 2000000 -0.0916 
4.1000 0.9058 0.0069 2000000 -0.0915 
4.2000 0.9173 0.0069 2000000 -0.0916 
4.3000 0.9286 0.0069 2000000 -0.0918 
4.4000 0.9401 0.0069 2000000 -0.0919 
4.5000 0.9515 0.0069 2000000 -0.0920 
4.6000 0.9623 0.0070 2000000 -0.0921 
4.7000 0.9741 0.0070 2000000 -0.0923 
4.8000 0.9855 0.0070 2000000 -0.0924 
4.9000 0.9916 0.0073 2000000 -0.0916 
5.0000 1.0073 0.0071 2000000 -0.0925 
5.1000 1.0147 0.0073 2000000 -0.0919 
5.2000 1.0263 0.0073 2000000 -0.0921 
5.3000 1.0357 0.0075 2000000 -0.0919 
6.3000 1.0432 0.0130 2000000 -0.0756 
5.4000 1.0481 0.0074 2000000 -0.0922 
5.5000 1.0605 0.0073 2000000 -0.0925 
6.6000 1.0615 0.0135 2000000 -0.0733 
6.7000 1.0645 0.0137 2000000 -0.0720 
6.4000 1.0686 0.0124 2000000 -0.0781 
6.1000 1.0694 0.0107 2000000 -0.0834 
6.5000 1.0717 0.0127 2000000 -0.0769 
6.8000 1.0720 0.0139 2000000 -0.0715 
5.6000 1.0742 0.0072 2000000 -0.0931 
6.9000 1.0781 0.0141 2000000 -0.0707 
5.8000 1.0805 0.0082 2000000 -0.0905 
5.7000 1.0834 0.0073 2000000 -0.0928 
7.0000 1.0869 0.0141 2000000 -0.0705 
7.1000 1.0933 0.0143 2000000 -0.0698 
5.9000 1.1047 0.0074 2000000 -0.0929 
7.3000 1.1078 0.0146 2000000 -0.0688 
6.0000 1.1090 0.0078 2000000 -0.0918 
7.4000 1.1153 0.0147 2000000 -0.0684 
7.5000 1.1224 0.0149 2000000 -0.0678 
6.2000 1.1266 0.0081 2000000 -0.0912 
7.6000 1.1293 0.0150 2000000 -0.0674 
7.7000 1.1361 0.0152 2000000 -0.0668 
7.8000 1.1428 0.0154 2000000 -0.0663 
7.9000 1.1493 0.0156 2000000 -0.0658 
8.0000 1.1558 0.0158 2000000 -0.0653 
8.1000 1.1622 0.0160 2000000 -0.0648 
8.2000 1.1677 0.0162 2000000 -0.0641 
8.3000 1.1754 0.0164 2000000 -0.0639 
8.4000 1.1801 0.0167 2000000 -0.0632 
8.5000 1.1860 0.0169 2000000 -0.0626 
8.6000 1.1912 0.0172 2000000 -0.0621 
8.7000 1.1987 0.0174 2000000 -0.0619 
8.8000 1.2025 0.0178 2000000 -0.0612 
8.9000 1.2081 0.0181 2000000 -0.0607 
9.0000 1.2132 0.0184 2000000 -0.0602 
9.1000 1.2195 0.0187 2000000 -0.0600 
9.2000 1.2241 0.0190 2000000 -0.0595 
9.3000 1.2296 0.0194 2000000 -0.0591 
9.4000 1.2335 0.0199 2000000 -0.0587 
9.5000 1.2389 0.0202 2000000 -0.0584 
9.6000 1.2435 0.0206 2000000 -0.0580 
9.7000 1.2480 0.0211 2000000 -0.0577 
9.8000 1.2522 0.0216 2000000 -0.0573 
10.0000 1.2586 0.0228 2000000 -0.0565 
10.1000 1.2647 0.0232 2000000 -0.0564 
10.2000 1.2698 0.0236 2000000 -0.0561 
10.3000 1.2752 0.0240 2000000 -0.0560 
10.4000 1.2783 0.0247 2000000 -0.0556 
10.5000 1.2804 0.0254 2000000 -0.0553 
10.7000 1.2856 0.0268 2000000 -0.0546 
10.6000 1.2869 0.0257 2000000 -0.0552 
10.8000 1.2901 0.0273 2000000 -0.0544 
10.9000 1.2968 0.0276 2000000 -0.0544 
12.0000 1.2984 0.0377 2000000 -0.0500 
12.1000 1.2993 0.0385 2000000 -0.0496 
11.0000 1.2996 0.0282 2000000 -0.0540 
11.1000 1.3023 0.0289 2000000 -0.0537 
11.2000 1.3044 0.0296 2000000 -0.0534 
12.2000 1.3048 0.0389 2000000 -0.0496 
13.5000 1.3092 0.0513 2000000 -0.0460 
11.4000 1.3093 0.0311 2000000 -0.0527 
11.7000 1.3100 0.0338 2000000 -0.0516 
11.5000 1.3133 0.0316 2000000 -0.0525 
11.6000 1.3149 0.0324 2000000 -0.0522 
13.3000 1.3150 0.0486 2000000 -0.0465 
11.8000 1.3198 0.0339 2000000 -0.0517 
13.2000 1.3222 0.0468 2000000 -0.0471 
11.9000 1.3225 0.0345 2000000 -0.0514 
12.5000 1.3256 0.0398 2000000 -0.0495 
13.4000 1.3276 0.0482 2000000 -0.0467 
12.6000 1.3334 0.0401 2000000 -0.0494 
12.8000 1.3361 0.0418 2000000 -0.0490 
12.7000 1.3368 0.0407 2000000 -0.0492 
13.0000 1.3389 0.0434 2000000 -0.0484 
13.1000 1.3397 0.0443 2000000 -0.0481 
13.8000 1.3415 0.0542 2000000 -0.0517 
14.1000 1.3553 0.0560 2000000 -0.0516 
14.0000 1.3598 0.0544 2000000 -0.0521 
14.3000 1.3659 0.0571 2000000 -0.0516 
14.4000 1.3662 0.0581 2000000 -0.0515 
13.9000 1.3705 0.0523 2000000 -0.0527 
14.6000 1.3800 0.0589 2000000 -0.0518 
14.8000 1.3801 0.0612 2000000 -0.0516 
14.9000 1.3807 0.0623 2000000 -0.0515 
14.7000 1.3843 0.0596 2000000 -0.0518 
15.0000 1.3896 0.0624 2000000 -0.0516 
-5.0000 -0.1047 0.0084 3000000 -0.0865 
-4.9000 -0.0934 0.0083 3000000 -0.0865 
-4.8000 -0.0823 0.0083 3000000 -0.0866 
-4.7000 -0.0697 0.0084 3000000 -0.0870 
-4.6000 -0.0599 0.0083 3000000 -0.0867 
-4.5000 -0.0479 0.0084 3000000 -0.0870 
-4.4000 -0.0369 0.0083 3000000 -0.0870 
-4.3000 -0.0254 0.0083 3000000 -0.0871 
-4.2000 -0.0151 0.0082 3000000 -0.0870 
-3.8000 0.0298 0.0081 3000000 -0.0873 
-3.7000 0.0414 0.0081 3000000 -0.0874 
-3.6000 0.0527 0.0081 3000000 -0.0875 
-3.5000 0.0642 0.0080 3000000 -0.0876 
-3.4000 0.0754 0.0080 3000000 -0.0877 
-3.3000 0.0870 0.0080 3000000 -0.0878 
-3.2000 0.0980 0.0079 3000000 -0.0878 
-3.1000 0.1092 0.0079 3000000 -0.0879 
-3.0000 0.1205 0.0078 3000000 -0.0879 
-2.9000 0.1320 0.0078 3000000 -0.0880 
-2.8000 0.1433 0.0077 3000000 -0.0881 
-2.7000 0.1548 0.0077 3000000 -0.0882 
-2.6000 0.1662 0.0077 3000000 -0.0883 
-2.5000 0.1775 0.0076 3000000 -0.0884 
-2.4000 0.1889 0.0076 3000000 -0.0885 
-2.3000 0.2003 0.0076 3000000 -0.0886 
-2.2000 0.2117 0.0076 3000000 -0.0887 
-2.1000 0.2231 0.0075 3000000 -0.0888 
-2.0000 0.2345 0.0075 3000000 -0.0888 
-1.9000 0.2459 0.0075 3000000 -0.0889 
-1.8000 0.2574 0.0075 3000000 -0.0890 
-1.7000 0.2688 0.0074 3000000 -0.0891 
-1.6000 0.2802 0.0074 3000000 -0.0892 
-1.5000 0.2916 0.0074 3000000 -0.0893 
-1.4000 0.3008 0.0071 3000000 -0.0890 
-1.3000 0.3145 0.0074 3000000 -0.0895 
-1.2000 0.3244 0.0072 3000000 -0.0893 
-1.1000 0.3358 0.0072 3000000 -0.0894 
-1.0000 0.3482 0.0073 3000000 -0.0897 
-0.9000 0.3542 0.0067 3000000 -0.0890 
-0.8000 0.3715 0.0073 3000000 -0.0900 
-0.7000 0.3820 0.0072 3000000 -0.0900 
-0.6000 0.3855 0.0064 3000000 -0.0889 
-0.5000 0.3979 0.0065 3000000 -0.0891 
-0.4000 0.4093 0.0065 3000000 -0.0892 
-0.3000 0.4207 0.0064 3000000 -0.0893 
-0.2000 0.4317 0.0064 3000000 -0.0894 
-0.1000 0.4388 0.0060 3000000 -0.0889 
0.0000 0.4543 0.0064 3000000 -0.0896 
0.1000 0.4663 0.0065 3000000 -0.0898 
0.2000 0.4758 0.0063 3000000 -0.0896 
0.3000 0.4805 0.0058 3000000 -0.0887 
0.4000 0.4935 0.0059 3000000 -0.0890 
0.5000 0.5014 0.0056 3000000 -0.0885 
0.6000 0.5136 0.0057 3000000 -0.0888 
0.7000 0.5252 0.0057 3000000 -0.0889 
0.8000 0.5364 0.0057 3000000 -0.0890 
0.9000 0.5471 0.0057 3000000 -0.0889 
1.0000 0.5584 0.0057 3000000 -0.0890 
1.1000 0.5699 0.0057 3000000 -0.0892 
1.2000 0.5814 0.0057 3000000 -0.0893 
1.3000 0.5937 0.0057 3000000 -0.0896 
1.4000 0.6054 0.0057 3000000 -0.0897 
1.5000 0.6170 0.0057 3000000 -0.0899 
1.6000 0.6285 0.0057 3000000 -0.0900 
1.7000 0.6397 0.0057 3000000 -0.0901 
1.8000 0.6520 0.0057 3000000 -0.0903 
1.9000 0.6631 0.0057 3000000 -0.0904 
2.0000 0.6744 0.0057 3000000 -0.0905 
2.1000 0.6861 0.0057 3000000 -0.0907 
2.2000 0.6975 0.0057 3000000 -0.0908 
2.3000 0.7093 0.0057 3000000 -0.0909 
2.4000 0.7209 0.0057 3000000 -0.0911 
2.5000 0.7311 0.0058 3000000 -0.0910 
2.6000 0.7417 0.0059 3000000 -0.0910 
2.7000 0.7525 0.0060 3000000 -0.0910 
2.8000 0.7640 0.0060 3000000 -0.0911 
2.9000 0.7769 0.0059 3000000 -0.0915 
3.0000 0.7876 0.0060 3000000 -0.0915 
3.1000 0.7991 0.0060 3000000 -0.0917 
3.2000 0.8100 0.0060 3000000 -0.0917 
3.3000 0.8216 0.0060 3000000 -0.0918 
3.4000 0.8330 0.0061 3000000 -0.0919 
3.5000 0.8440 0.0061 3000000 -0.0920 
3.6000 0.8551 0.0061 3000000 -0.0921 
3.7000 0.8672 0.0061 3000000 -0.0923 
3.8000 0.8772 0.0062 3000000 -0.0922 
3.9000 0.8902 0.0061 3000000 -0.0926 
4.0000 0.9015 0.0061 3000000 -0.0927 
4.1000 0.9109 0.0063 3000000 -0.0925 
4.9000 0.9208 0.0111 3000000 -0.0796 
4.2000 0.9222 0.0063 3000000 -0.0926 
5.0000 0.9321 0.0111 3000000 -0.0798 
4.3000 0.9343 0.0062 3000000 -0.0929 
4.4000 0.9442 0.0063 3000000 -0.0927 
4.5000 0.9542 0.0064 3000000 -0.0926 
4.6000 0.9589 0.0068 3000000 -0.0916 
5.3000 0.9620 0.0113 3000000 -0.0795 
5.1000 0.9677 0.0097 3000000 -0.0840 
4.7000 0.9783 0.0064 3000000 -0.0931 
4.8000 0.9863 0.0066 3000000 -0.0926 
5.4000 1.0005 0.0098 3000000 -0.0842 
5.2000 1.0035 0.0083 3000000 -0.0883 
5.8000 1.0077 0.0118 3000000 -0.0783 
5.5000 1.0112 0.0098 3000000 -0.0842 
6.1000 1.0329 0.0122 3000000 -0.0772 
6.0000 1.0439 0.0111 3000000 -0.0809 
6.2000 1.0482 0.0120 3000000 -0.0780 
6.3000 1.0509 0.0124 3000000 -0.0767 
6.4000 1.0599 0.0124 3000000 -0.0764 
5.7000 1.0634 0.0082 3000000 -0.0895 
6.5000 1.0686 0.0126 3000000 -0.0761 
5.6000 1.0714 0.0070 3000000 -0.0927 
6.6000 1.0768 0.0126 3000000 -0.0757 
5.9000 1.0833 0.0084 3000000 -0.0893 
6.8000 1.0918 0.0128 3000000 -0.0746 
6.9000 1.0994 0.0129 3000000 -0.0740 
7.0000 1.1071 0.0130 3000000 -0.0735 
7.1000 1.1147 0.0131 3000000 -0.0731 
7.2000 1.1223 0.0132 3000000 -0.0725 
7.3000 1.1292 0.0134 3000000 -0.0719 
7.5000 1.1451 0.0136 3000000 -0.0711 
7.6000 1.1524 0.0137 3000000 -0.0706 
7.7000 1.1598 0.0139 3000000 -0.0701 
7.8000 1.1665 0.0140 3000000 -0.0695 
7.9000 1.1743 0.0141 3000000 -0.0691 
8.0000 1.1808 0.0143 3000000 -0.0685 
8.1000 1.1884 0.0144 3000000 -0.0682 
8.2000 1.1952 0.0146 3000000 -0.0676 
8.3000 1.2025 0.0147 3000000 -0.0672 
8.4000 1.2079 0.0149 3000000 -0.0664 
8.5000 1.2150 0.0151 3000000 -0.0660 
8.6000 1.2204 0.0153 3000000 -0.0653 
8.7000 1.2272 0.0155 3000000 -0.0649 
8.8000 1.2336 0.0157 3000000 -0.0644 
8.9000 1.2394 0.0159 3000000 -0.0638 
9.0000 1.2449 0.0162 3000000 -0.0632 
9.1000 1.2504 0.0164 3000000 -0.0627 
9.2000 1.2557 0.0167 3000000 -0.0621 
9.3000 1.2618 0.0170 3000000 -0.0617 
9.4000 1.2663 0.0173 3000000 -0.0611 
9.6000 1.2711 0.0183 3000000 -0.0596 
9.5000 1.2724 0.0176 3000000 -0.0607 
9.7000 1.2819 0.0183 3000000 -0.0598 
9.8000 1.2882 0.0186 3000000 -0.0595 
9.9000 1.2921 0.0190 3000000 -0.0590 
10.0000 1.2966 0.0194 3000000 -0.0586 
10.1000 1.3025 0.0198 3000000 -0.0584 
10.4000 1.3051 0.0220 3000000 -0.0565 
10.2000 1.3077 0.0202 3000000 -0.0580 
10.3000 1.3109 0.0207 3000000 -0.0576 
10.5000 1.3208 0.0216 3000000 -0.0570 
10.6000 1.3242 0.0222 3000000 -0.0566 
10.9000 1.3286 0.0244 3000000 -0.0554 
10.7000 1.3287 0.0227 3000000 -0.0563 
11.0000 1.3297 0.0251 3000000 -0.0548 
10.8000 1.3339 0.0231 3000000 -0.0561 
11.1000 1.3357 0.0255 3000000 -0.0546 
11.2000 1.3402 0.0260 3000000 -0.0545 
12.0000 1.3443 0.0330 3000000 -0.0511 
11.5000 1.3460 0.0282 3000000 -0.0533 
11.3000 1.3461 0.0265 3000000 -0.0542 
12.1000 1.3462 0.0338 3000000 -0.0507 
11.6000 1.3501 0.0288 3000000 -0.0531 
12.2000 1.3511 0.0342 3000000 -0.0507 
12.3000 1.3524 0.0350 3000000 -0.0503 
11.4000 1.3533 0.0267 3000000 -0.0542 
11.9000 1.3556 0.0310 3000000 -0.0521 
11.8000 1.3609 0.0297 3000000 -0.0528 
11.7000 1.3623 0.0286 3000000 -0.0533 
12.5000 1.3641 0.0358 3000000 -0.0502 
12.4000 1.3719 0.0342 3000000 -0.0510 
12.8000 1.3725 0.0379 3000000 -0.0496 
14.1000 1.3728 0.0506 3000000 -0.0459 
12.6000 1.3755 0.0357 3000000 -0.0503 
13.1000 1.3823 0.0398 3000000 -0.0489 
12.7000 1.3863 0.0357 3000000 -0.0504 
14.6000 1.3887 0.0542 3000000 -0.0455 
13.9000 1.3893 0.0468 3000000 -0.0469 
14.2000 1.3961 0.0492 3000000 -0.0465 
13.6000 1.3966 0.0433 3000000 -0.0480 
14.7000 1.4345 0.0545 3000000 -0.0535 
15.0000 1.4452 0.0566 3000000 -0.0532 
