fxs02196_b,        free transition row= 2102
-3.9000 -0.1596 0.0809 20000 -0.0330 
-3.8000 -0.1596 0.0806 20000 -0.0326 
-3.7000 -0.1596 0.0804 20000 -0.0321 
-3.6000 -0.1596 0.0801 20000 -0.0317 
-4.0000 -0.1595 0.0811 20000 -0.0334 
-3.5000 -0.1594 0.0799 20000 -0.0312 
-4.1000 -0.1593 0.0814 20000 -0.0338 
-3.4000 -0.1593 0.0797 20000 -0.0308 
-3.3000 -0.1591 0.0795 20000 -0.0303 
-4.2000 -0.1590 0.0817 20000 -0.0342 
-3.2000 -0.1588 0.0792 20000 -0.0299 
-4.3000 -0.1587 0.0820 20000 -0.0346 
-3.1000 -0.1586 0.0790 20000 -0.0294 
-4.4000 -0.1583 0.0823 20000 -0.0350 
-3.0000 -0.1582 0.0788 20000 -0.0289 
-2.9000 -0.1579 0.0786 20000 -0.0284 
-4.5000 -0.1578 0.0826 20000 -0.0354 
-2.8000 -0.1575 0.0784 20000 -0.0279 
-4.6000 -0.1572 0.0829 20000 -0.0358 
-2.7000 -0.1570 0.0783 20000 -0.0275 
-2.6000 -0.1566 0.0781 20000 -0.0270 
-4.7000 -0.1565 0.0833 20000 -0.0361 
-2.5000 -0.1560 0.0779 20000 -0.0265 
-4.8000 -0.1557 0.0837 20000 -0.0365 
-2.4000 -0.1556 0.0777 20000 -0.0259 
-2.3000 -0.1550 0.0775 20000 -0.0254 
-4.9000 -0.1549 0.0841 20000 -0.0368 
-2.2000 -0.1544 0.0774 20000 -0.0249 
-2.1000 -0.1539 0.0772 20000 -0.0244 
-5.0000 -0.1538 0.0845 20000 -0.0371 
-2.0000 -0.1532 0.0770 20000 -0.0239 
-1.9000 -0.1526 0.0769 20000 -0.0234 
-1.8000 -0.1520 0.0767 20000 -0.0228 
-1.7000 -0.1514 0.0766 20000 -0.0223 
-1.6000 -0.1507 0.0764 20000 -0.0217 
-1.5000 -0.1500 0.0763 20000 -0.0212 
-1.4000 -0.1494 0.0761 20000 -0.0207 
-1.3000 -0.1487 0.0760 20000 -0.0201 
-1.2000 -0.1480 0.0758 20000 -0.0195 
-1.1000 -0.1474 0.0757 20000 -0.0190 
-1.0000 -0.1467 0.0755 20000 -0.0184 
-0.9000 -0.1460 0.0754 20000 -0.0178 
-0.8000 -0.1453 0.0752 20000 -0.0173 
-0.7000 -0.1447 0.0751 20000 -0.0167 
-0.6000 -0.1440 0.0749 20000 -0.0161 
-0.5000 -0.1434 0.0748 20000 -0.0155 
-0.4000 -0.1427 0.0746 20000 -0.0149 
-0.3000 -0.1421 0.0745 20000 -0.0143 
-0.2000 -0.1415 0.0744 20000 -0.0137 
-0.1000 -0.1409 0.0742 20000 -0.0131 
0.0000 -0.1403 0.0741 20000 -0.0125 
0.1000 -0.1398 0.0739 20000 -0.0119 
3.1000 -0.1396 0.0667 20000 0.0092 
3.0000 -0.1395 0.0670 20000 0.0085 
3.2000 -0.1393 0.0664 20000 0.0098 
0.2000 -0.1392 0.0737 20000 -0.0113 
2.9000 -0.1392 0.0674 20000 0.0078 
2.8000 -0.1389 0.0677 20000 0.0071 
0.3000 -0.1388 0.0736 20000 -0.0106 
2.7000 -0.1386 0.0680 20000 0.0063 
3.3000 -0.1384 0.0662 20000 0.0103 
0.4000 -0.1383 0.0734 20000 -0.0100 
2.6000 -0.1382 0.0683 20000 0.0056 
0.5000 -0.1378 0.0733 20000 -0.0094 
2.5000 -0.1378 0.0687 20000 0.0048 
0.6000 -0.1374 0.0731 20000 -0.0087 
2.4000 -0.1373 0.0690 20000 0.0041 
0.7000 -0.1370 0.0729 20000 -0.0081 
2.3000 -0.1370 0.0693 20000 0.0033 
0.8000 -0.1367 0.0727 20000 -0.0074 
3.4000 -0.1367 0.0660 20000 0.0106 
2.2000 -0.1366 0.0696 20000 0.0025 
0.9000 -0.1364 0.0726 20000 -0.0067 
2.1000 -0.1363 0.0698 20000 0.0018 
1.0000 -0.1362 0.0724 20000 -0.0061 
2.0000 -0.1360 0.0701 20000 0.0010 
1.1000 -0.1359 0.0722 20000 -0.0054 
1.9000 -0.1358 0.0704 20000 0.0003 
1.2000 -0.1357 0.0720 20000 -0.0047 
1.3000 -0.1356 0.0718 20000 -0.0040 
1.8000 -0.1356 0.0706 20000 -0.0004 
1.4000 -0.1355 0.0716 20000 -0.0033 
1.5000 -0.1355 0.0713 20000 -0.0026 
1.6000 -0.1355 0.0711 20000 -0.0019 
1.7000 -0.1355 0.0709 20000 -0.0012 
3.5000 -0.1342 0.0658 20000 0.0108 
3.6000 -0.1309 0.0658 20000 0.0108 
3.7000 -0.1268 0.0658 20000 0.0106 
3.8000 -0.1220 0.0659 20000 0.0103 
3.9000 -0.1165 0.0660 20000 0.0099 
4.0000 -0.1105 0.0663 20000 0.0094 
4.1000 -0.1039 0.0665 20000 0.0088 
4.2000 -0.0970 0.0668 20000 0.0081 
4.3000 -0.0897 0.0672 20000 0.0073 
4.4000 -0.0821 0.0676 20000 0.0065 
4.5000 -0.0742 0.0680 20000 0.0057 
4.6000 -0.0661 0.0685 20000 0.0047 
4.7000 -0.0579 0.0690 20000 0.0038 
4.8000 -0.0495 0.0695 20000 0.0029 
4.9000 -0.0410 0.0701 20000 0.0019 
5.0000 -0.0325 0.0707 20000 0.0009 
5.1000 -0.0239 0.0712 20000 -0.0001 
5.2000 -0.0153 0.0719 20000 -0.0011 
5.3000 -0.0066 0.0725 20000 -0.0021 
5.4000 0.0020 0.0731 20000 -0.0031 
5.5000 0.0106 0.0738 20000 -0.0040 
5.6000 0.0192 0.0745 20000 -0.0050 
5.7000 0.0277 0.0752 20000 -0.0060 
5.8000 0.0362 0.0759 20000 -0.0069 
5.9000 0.0446 0.0766 20000 -0.0079 
6.0000 0.0529 0.0773 20000 -0.0088 
6.1000 0.0613 0.0781 20000 -0.0097 
6.2000 0.0695 0.0788 20000 -0.0106 
6.3000 0.0776 0.0796 20000 -0.0115 
6.4000 0.0856 0.0803 20000 -0.0123 
6.5000 0.0936 0.0811 20000 -0.0132 
6.6000 0.1015 0.0819 20000 -0.0140 
6.7000 0.1093 0.0827 20000 -0.0148 
6.8000 0.1171 0.0835 20000 -0.0156 
6.9000 0.1247 0.0843 20000 -0.0164 
7.0000 0.1323 0.0851 20000 -0.0172 
7.1000 0.1398 0.0859 20000 -0.0180 
7.2000 0.1471 0.0867 20000 -0.0187 
7.3000 0.1545 0.0876 20000 -0.0194 
7.4000 0.1617 0.0884 20000 -0.0202 
7.5000 0.1689 0.0892 20000 -0.0209 
7.6000 0.1760 0.0901 20000 -0.0216 
7.7000 0.1830 0.0910 20000 -0.0223 
7.8000 0.1900 0.0918 20000 -0.0230 
7.9000 0.1969 0.0927 20000 -0.0236 
8.0000 0.2037 0.0936 20000 -0.0243 
8.1000 0.2104 0.0945 20000 -0.0249 
8.2000 0.2171 0.0954 20000 -0.0256 
8.3000 0.2237 0.0963 20000 -0.0262 
8.4000 0.2303 0.0972 20000 -0.0269 
8.5000 0.2367 0.0981 20000 -0.0275 
8.6000 0.2432 0.0990 20000 -0.0282 
8.7000 0.2496 0.0999 20000 -0.0288 
8.8000 0.2559 0.1009 20000 -0.0294 
8.9000 0.2621 0.1018 20000 -0.0300 
9.0000 0.2684 0.1028 20000 -0.0306 
9.1000 0.2745 0.1037 20000 -0.0313 
9.2000 0.2835 0.1050 20000 -0.0326 
9.3000 0.2970 0.1072 20000 -0.0346 
9.4000 0.3106 0.1098 20000 -0.0367 
9.5000 0.3177 0.1104 20000 -0.0377 
9.6000 0.3303 0.1126 20000 -0.0396 
9.7000 0.3442 0.1156 20000 -0.0416 
9.8000 0.3467 0.1151 20000 -0.0419 
9.9000 0.3581 0.1170 20000 -0.0435 
10.0000 0.3723 0.1201 20000 -0.0457 
10.1000 0.3741 0.1196 20000 -0.0457 
10.2000 0.3837 0.1211 20000 -0.0470 
10.3000 0.3980 0.1241 20000 -0.0492 
10.4000 0.4015 0.1244 20000 -0.0494 
10.5000 0.4082 0.1251 20000 -0.0503 
10.6000 0.4219 0.1280 20000 -0.0523 
10.7000 0.4288 0.1294 20000 -0.0531 
10.8000 0.4320 0.1292 20000 -0.0533 
10.9000 0.4452 0.1319 20000 -0.0552 
11.0000 0.4542 0.1340 20000 -0.0564 
11.1000 0.4549 0.1332 20000 -0.0562 
11.2000 0.4658 0.1354 20000 -0.0577 
11.4000 0.4774 0.1377 20000 -0.0590 
11.3000 0.4814 0.1395 20000 -0.0600 
11.5000 0.4836 0.1385 20000 -0.0597 
11.6000 0.4964 0.1415 20000 -0.0615 
11.8000 0.5032 0.1426 20000 -0.0622 
11.7000 0.5058 0.1441 20000 -0.0628 
11.9000 0.5099 0.1437 20000 -0.0630 
12.0000 0.5223 0.1468 20000 -0.0647 
12.2000 0.5281 0.1476 20000 -0.0652 
12.1000 0.5306 0.1492 20000 -0.0658 
12.3000 0.5363 0.1492 20000 -0.0662 
12.5000 0.5492 0.1523 20000 -0.0679 
12.4000 0.5526 0.1538 20000 -0.0685 
12.6000 0.5535 0.1527 20000 -0.0683 
12.7000 0.5676 0.1564 20000 -0.0701 
12.8000 0.5706 0.1571 20000 -0.0705 
12.9000 0.5713 0.1565 20000 -0.0704 
13.0000 0.5827 0.1592 20000 -0.0719 
13.2000 0.5896 0.1608 20000 -0.0727 
13.1000 0.5938 0.1628 20000 -0.0734 
13.3000 0.5948 0.1617 20000 -0.0733 
13.4000 0.6068 0.1650 20000 -0.0749 
13.6000 0.6110 0.1659 20000 -0.0755 
13.5000 0.6143 0.1676 20000 -0.0759 
13.7000 0.6154 0.1667 20000 -0.0761 
13.8000 0.6264 0.1697 20000 -0.0774 
14.0000 0.6318 0.1711 20000 -0.0783 
13.9000 0.6359 0.1731 20000 -0.0788 
14.1000 0.6362 0.1718 20000 -0.0788 
14.2000 0.6496 0.1759 20000 -0.0805 
14.4000 0.6512 0.1757 20000 -0.0809 
14.3000 0.6532 0.1771 20000 -0.0810 
14.5000 0.6597 0.1778 20000 -0.0818 
14.7000 0.6677 0.1800 20000 -0.0830 
14.6000 0.6724 0.1823 20000 -0.0834 
14.8000 0.6725 0.1809 20000 -0.0836 
14.9000 0.6864 0.1854 20000 -0.0852 
15.0000 0.6889 0.1865 20000 -0.0857 
-4.4000 -0.6334 0.0455 50000 -0.0306 
-4.3000 -0.6270 0.0453 50000 -0.0299 
-4.2000 -0.6205 0.0452 50000 -0.0291 
-4.1000 -0.6140 0.0451 50000 -0.0284 
-4.0000 -0.6073 0.0449 50000 -0.0277 
-3.9000 -0.6005 0.0449 50000 -0.0271 
-3.8000 -0.5947 0.0447 50000 -0.0263 
-3.7000 -0.5886 0.0445 50000 -0.0258 
-3.6000 -0.5821 0.0443 50000 -0.0253 
-3.5000 -0.5753 0.0441 50000 -0.0249 
-3.4000 -0.5687 0.0437 50000 -0.0248 
-3.3000 -0.5613 0.0434 50000 -0.0248 
-3.2000 -0.5534 0.0430 50000 -0.0250 
-3.1000 -0.5446 0.0425 50000 -0.0255 
-3.0000 -0.5333 0.0412 50000 -0.0274 
-2.8000 -0.5301 0.0427 50000 -0.0219 
-2.7000 -0.5299 0.0438 50000 -0.0184 
-2.6000 -0.5298 0.0448 50000 -0.0151 
-2.5000 -0.5296 0.0457 50000 -0.0119 
-2.3000 -0.5272 0.0471 50000 -0.0065 
-2.4000 -0.5268 0.0464 50000 -0.0098 
-2.2000 -0.5256 0.0477 50000 -0.0041 
-2.1000 -0.5249 0.0482 50000 -0.0014 
-2.0000 -0.5232 0.0487 50000 0.0009 
-1.9000 -0.5224 0.0491 50000 0.0035 
-1.8000 -0.5194 0.0495 50000 0.0052 
-1.7000 -0.5193 0.0498 50000 0.0080 
-1.5000 -0.5135 0.0503 50000 0.0114 
-1.6000 -0.5134 0.0500 50000 0.0085 
-1.4000 -0.5105 0.0505 50000 0.0129 
-5.0000 -0.5045 0.0502 50000 -0.0574 
-4.7000 -0.5034 0.0504 50000 -0.0534 
-1.3000 -0.5027 0.0507 50000 0.0129 
-1.2000 -0.4997 0.0511 50000 0.0150 
-1.1000 -0.4922 0.0516 50000 0.0157 
-4.9000 -0.4843 0.0505 50000 -0.0583 
-1.0000 -0.4822 0.0521 50000 0.0154 
-0.9000 -0.4773 0.0528 50000 0.0173 
-0.8000 -0.4677 0.0536 50000 0.0172 
-0.7000 -0.4646 0.0535 50000 0.0187 
-0.6000 -0.4612 0.0537 50000 0.0206 
-0.5000 -0.4519 0.0541 50000 0.0203 
-0.4000 -0.4459 0.0546 50000 0.0217 
-0.3000 -0.4384 0.0553 50000 0.0225 
-0.1000 -0.4293 0.0554 50000 0.0244 
-0.2000 -0.4289 0.0560 50000 0.0220 
0.0000 -0.4236 0.0554 50000 0.0252 
0.1000 -0.4145 0.0558 50000 0.0250 
0.2000 -0.4060 0.0563 50000 0.0253 
0.3000 -0.3963 0.0571 50000 0.0255 
0.4000 -0.3885 0.0576 50000 0.0255 
0.5000 -0.3857 0.0569 50000 0.0261 
0.6000 -0.3800 0.0568 50000 0.0268 
0.7000 -0.3721 0.0570 50000 0.0273 
0.8000 -0.3629 0.0575 50000 0.0271 
0.9000 -0.3504 0.0583 50000 0.0258 
1.0000 -0.3390 0.0593 50000 0.0256 
1.1000 -0.3376 0.0587 50000 0.0268 
1.2000 -0.3331 0.0582 50000 0.0271 
1.3000 -0.3239 0.0583 50000 0.0266 
1.4000 -0.3127 0.0587 50000 0.0257 
1.5000 -0.3000 0.0594 50000 0.0246 
1.6000 -0.2854 0.0605 50000 0.0232 
1.8000 -0.2752 0.0600 50000 0.0236 
1.7000 -0.2750 0.0612 50000 0.0225 
1.9000 -0.2680 0.0599 50000 0.0233 
2.0000 -0.2577 0.0602 50000 0.0225 
2.1000 -0.2455 0.0607 50000 0.0213 
2.2000 -0.2322 0.0614 50000 0.0198 
2.3000 -0.2169 0.0626 50000 0.0181 
2.5000 -0.2051 0.0624 50000 0.0180 
2.4000 -0.2029 0.0638 50000 0.0167 
2.6000 -0.1992 0.0621 50000 0.0179 
2.7000 -0.1887 0.0624 50000 0.0171 
2.8000 -0.1761 0.0630 50000 0.0158 
2.9000 -0.1615 0.0639 50000 0.0141 
3.0000 -0.1456 0.0652 50000 0.0122 
3.2000 -0.1337 0.0650 50000 0.0118 
3.1000 -0.1289 0.0668 50000 0.0102 
3.3000 -0.1254 0.0650 50000 0.0113 
3.4000 -0.1122 0.0655 50000 0.0099 
3.5000 -0.0964 0.0664 50000 0.0080 
3.6000 -0.0788 0.0678 50000 0.0058 
3.8000 -0.0632 0.0683 50000 0.0045 
3.7000 -0.0590 0.0697 50000 0.0032 
3.9000 -0.0548 0.0681 50000 0.0038 
4.0000 -0.0398 0.0688 50000 0.0020 
4.1000 -0.0215 0.0699 50000 -0.0004 
4.2000 -0.0016 0.0715 50000 -0.0031 
4.4000 0.0174 0.0723 50000 -0.0054 
4.3000 0.0214 0.0737 50000 -0.0064 
4.5000 0.0245 0.0721 50000 -0.0060 
4.6000 0.0391 0.0728 50000 -0.0080 
4.7000 0.0567 0.0738 50000 -0.0104 
4.8000 0.0768 0.0752 50000 -0.0133 
5.1000 0.0913 0.0756 50000 -0.0144 
5.0000 0.0961 0.0768 50000 -0.0156 
4.9000 0.0963 0.0770 50000 -0.0160 
5.2000 0.1008 0.0760 50000 -0.0154 
5.3000 0.1143 0.0769 50000 -0.0171 
5.4000 0.1307 0.0783 50000 -0.0193 
5.5000 0.1497 0.0802 50000 -0.0220 
5.7000 0.1516 0.0797 50000 -0.0217 
5.8000 0.1611 0.0802 50000 -0.0228 
5.6000 0.1668 0.0822 50000 -0.0244 
5.9000 0.1746 0.0812 50000 -0.0246 
6.0000 0.1909 0.0825 50000 -0.0268 
6.1000 0.2099 0.0843 50000 -0.0294 
6.3000 0.2171 0.0848 50000 -0.0301 
6.4000 0.2251 0.0851 50000 -0.0310 
6.2000 0.2315 0.0868 50000 -0.0324 
6.5000 0.2400 0.0863 50000 -0.0328 
6.6000 0.2591 0.0880 50000 -0.0353 
6.8000 0.2762 0.0898 50000 -0.0375 
6.9000 0.2780 0.0896 50000 -0.0375 
6.7000 0.2815 0.0904 50000 -0.0383 
7.0000 0.2909 0.0906 50000 -0.0391 
7.1000 0.3070 0.0921 50000 -0.0411 
7.2000 0.3257 0.0940 50000 -0.0434 
7.4000 0.3332 0.0952 50000 -0.0443 
7.5000 0.3359 0.0952 50000 -0.0445 
7.3000 0.3460 0.0965 50000 -0.0460 
7.6000 0.3470 0.0962 50000 -0.0457 
7.7000 0.3612 0.0976 50000 -0.0473 
7.8000 0.3779 0.0994 50000 -0.0492 
8.1000 0.3877 0.1010 50000 -0.0502 
8.0000 0.3927 0.1017 50000 -0.0509 
7.9000 0.3973 0.1019 50000 -0.0515 
8.2000 0.3977 0.1020 50000 -0.0511 
8.3000 0.4121 0.1034 50000 -0.0525 
8.6000 0.4285 0.1060 50000 -0.0540 
8.4000 0.4306 0.1055 50000 -0.0544 
8.7000 0.4364 0.1067 50000 -0.0546 
8.8000 0.4499 0.1081 50000 -0.0558 
8.5000 0.4529 0.1087 50000 -0.0568 
9.1000 0.4672 0.1111 50000 -0.0573 
8.9000 0.4674 0.1101 50000 -0.0574 
9.2000 0.4709 0.1115 50000 -0.0574 
9.3000 0.4824 0.1127 50000 -0.0583 
9.0000 0.4884 0.1131 50000 -0.0594 
9.4000 0.4982 0.1146 50000 -0.0596 
9.7000 0.5035 0.1166 50000 -0.0600 
9.6000 0.5114 0.1174 50000 -0.0608 
9.8000 0.5122 0.1176 50000 -0.0606 
9.5000 0.5176 0.1173 50000 -0.0613 
9.9000 0.5263 0.1192 50000 -0.0616 
10.2000 0.5346 0.1217 50000 -0.0623 
10.3000 0.5423 0.1226 50000 -0.0628 
10.0000 0.5457 0.1217 50000 -0.0632 
10.1000 0.5475 0.1229 50000 -0.0634 
10.4000 0.5575 0.1242 50000 -0.0638 
10.7000 0.5644 0.1266 50000 -0.0644 
10.6000 0.5697 0.1270 50000 -0.0649 
10.8000 0.5758 0.1278 50000 -0.0651 
10.5000 0.5808 0.1273 50000 -0.0655 
11.1000 0.5901 0.1312 50000 -0.0663 
11.2000 0.5946 0.1318 50000 -0.0665 
10.9000 0.5962 0.1302 50000 -0.0663 
11.0000 0.6102 0.1328 50000 -0.0674 
11.3000 0.6110 0.1334 50000 -0.0674 
11.6000 0.6153 0.1360 50000 -0.0682 
11.5000 0.6192 0.1361 50000 -0.0683 
11.7000 0.6289 0.1373 50000 -0.0688 
11.4000 0.6371 0.1370 50000 -0.0690 
12.0000 0.6373 0.1402 50000 -0.0698 
11.9000 0.6454 0.1406 50000 -0.0700 
12.1000 0.6571 0.1416 50000 -0.0704 
12.3000 0.6579 0.1434 50000 -0.0710 
11.8000 0.6590 0.1409 50000 -0.0702 
12.2000 0.6705 0.1438 50000 -0.0711 
12.5000 0.7263 0.1367 50000 -0.0669 
12.7000 0.7496 0.1360 50000 -0.0663 
12.6000 0.7534 0.1350 50000 -0.0660 
12.9000 0.7729 0.1359 50000 -0.0660 
13.0000 0.7815 0.1361 50000 -0.0660 
12.8000 0.7889 0.1338 50000 -0.0653 
13.2000 0.7984 0.1369 50000 -0.0660 
13.3000 0.8019 0.1377 50000 -0.0663 
13.6000 0.8203 0.1397 50000 -0.0667 
13.1000 0.8249 0.1337 50000 -0.0649 
13.5000 0.8255 0.1379 50000 -0.0661 
13.4000 0.8296 0.1364 50000 -0.0656 
13.7000 0.8366 0.1393 50000 -0.0664 
13.9000 0.8429 0.1411 50000 -0.0669 
14.0000 0.8495 0.1416 50000 -0.0670 
13.8000 0.8630 0.1377 50000 -0.0655 
14.2000 0.8697 0.1414 50000 -0.0665 
14.1000 0.8991 0.1361 50000 -0.0642 
14.4000 0.9097 0.1375 50000 -0.0642 
14.8000 0.9274 0.1390 50000 -0.0641 
-5.0000 -0.1189 0.0252 100000 -0.0968 
-4.9000 -0.1069 0.0255 100000 -0.0967 
-4.8000 -0.1006 0.0261 100000 -0.0958 
-4.7000 -0.0979 0.0268 100000 -0.0949 
-4.6000 -0.0933 0.0273 100000 -0.0942 
-4.5000 -0.0876 0.0279 100000 -0.0931 
-4.4000 -0.0808 0.0283 100000 -0.0925 
-4.3000 -0.0729 0.0286 100000 -0.0922 
-4.2000 -0.0648 0.0290 100000 -0.0912 
-4.1000 -0.0555 0.0294 100000 -0.0907 
-4.0000 -0.0450 0.0295 100000 -0.0908 
-3.9000 -0.0346 0.0298 100000 -0.0903 
-3.8000 -0.0241 0.0302 100000 -0.0894 
-1.0000 -0.0198 0.0464 100000 -0.0619 
-3.7000 -0.0127 0.0304 100000 -0.0890 
-2.9000 -0.0089 0.0348 100000 -0.0805 
0.8000 -0.0082 0.0580 100000 -0.0524 
-3.0000 -0.0081 0.0343 100000 -0.0816 
-2.8000 -0.0073 0.0353 100000 -0.0798 
-3.1000 -0.0055 0.0336 100000 -0.0830 
-2.7000 -0.0029 0.0356 100000 -0.0796 
-0.9000 -0.0022 0.0465 100000 -0.0620 
-3.6000 -0.0009 0.0304 100000 -0.0893 
-3.2000 -0.0002 0.0328 100000 -0.0846 
1.2000 0.0012 0.0586 100000 -0.0498 
-2.6000 0.0018 0.0360 100000 -0.0791 
-2.5000 0.0044 0.0365 100000 -0.0779 
0.9000 0.0073 0.0588 100000 -0.0536 
-2.4000 0.0087 0.0369 100000 -0.0769 
-3.3000 0.0088 0.0319 100000 -0.0865 
1.3000 0.0089 0.0588 100000 -0.0496 
-3.5000 0.0108 0.0305 100000 -0.0893 
-0.8000 0.0120 0.0467 100000 -0.0615 
-2.3000 0.0137 0.0374 100000 -0.0762 
1.4000 0.0188 0.0592 100000 -0.0496 
-2.2000 0.0201 0.0377 100000 -0.0756 
1.0000 0.0214 0.0597 100000 -0.0542 
-3.4000 0.0216 0.0308 100000 -0.0887 
-0.7000 0.0258 0.0470 100000 -0.0615 
-2.1000 0.0288 0.0380 100000 -0.0755 
1.5000 0.0300 0.0597 100000 -0.0499 
1.1000 0.0362 0.0608 100000 -0.0548 
-0.6000 0.0400 0.0473 100000 -0.0619 
-2.0000 0.0419 0.0381 100000 -0.0764 
1.6000 0.0432 0.0603 100000 -0.0504 
-1.9000 0.0477 0.0385 100000 -0.0753 
-0.5000 0.0543 0.0477 100000 -0.0628 
1.7000 0.0579 0.0610 100000 -0.0513 
-1.8000 0.0583 0.0388 100000 -0.0748 
2.1000 0.0658 0.0620 100000 -0.0476 
-1.7000 0.0702 0.0391 100000 -0.0743 
1.8000 0.0719 0.0618 100000 -0.0517 
2.2000 0.0728 0.0622 100000 -0.0472 
1.9000 0.0833 0.0628 100000 -0.0512 
2.3000 0.0847 0.0628 100000 -0.0477 
-1.6000 0.0849 0.0392 100000 -0.0745 
2.4000 0.0931 0.0632 100000 -0.0469 
2.0000 0.0980 0.0639 100000 -0.0516 
2.5000 0.1030 0.0637 100000 -0.0464 
2.6000 0.1164 0.0645 100000 -0.0468 
3.0000 0.1261 0.0655 100000 -0.0449 
2.7000 0.1325 0.0654 100000 -0.0479 
3.1000 0.1346 0.0658 100000 -0.0448 
3.2000 0.1446 0.0662 100000 -0.0449 
2.8000 0.1477 0.0664 100000 -0.0487 
3.3000 0.1562 0.0667 100000 -0.0451 
2.9000 0.1628 0.0675 100000 -0.0492 
3.4000 0.1700 0.0674 100000 -0.0459 
3.5000 0.1859 0.0682 100000 -0.0469 
3.8000 0.1889 0.0691 100000 -0.0459 
3.9000 0.1969 0.0693 100000 -0.0460 
3.6000 0.2043 0.0693 100000 -0.0483 
4.0000 0.2070 0.0697 100000 -0.0462 
4.1000 0.2213 0.0702 100000 -0.0467 
3.7000 0.2257 0.0706 100000 -0.0501 
4.2000 0.2392 0.0710 100000 -0.0477 
4.5000 0.2436 0.0719 100000 -0.0464 
4.6000 0.2551 0.0722 100000 -0.0468 
4.3000 0.2619 0.0720 100000 -0.0491 
4.7000 0.2736 0.0727 100000 -0.0477 
4.4000 0.2858 0.0734 100000 -0.0508 
4.8000 0.2946 0.0734 100000 -0.0491 
5.1000 0.2995 0.0745 100000 -0.0484 
5.2000 0.3168 0.0747 100000 -0.0489 
4.9000 0.3243 0.0746 100000 -0.0512 
5.0000 0.3355 0.0757 100000 -0.0520 
5.5000 0.3385 0.0760 100000 -0.0487 
5.3000 0.3451 0.0751 100000 -0.0502 
5.6000 0.3522 0.0758 100000 -0.0488 
5.4000 0.3767 0.0762 100000 -0.0519 
5.9000 0.4608 0.0695 100000 -0.0497 
5.8000 0.4695 0.0685 100000 -0.0503 
6.0000 0.4747 0.0691 100000 -0.0495 
5.7000 0.4965 0.0663 100000 -0.0517 
6.1000 0.5133 0.0671 100000 -0.0501 
6.4000 0.5238 0.0683 100000 -0.0492 
6.5000 0.5406 0.0679 100000 -0.0495 
6.2000 0.5550 0.0650 100000 -0.0510 
6.6000 0.5642 0.0667 100000 -0.0495 
6.7000 0.5869 0.0658 100000 -0.0496 
6.8000 0.6115 0.0647 100000 -0.0499 
7.3000 0.6301 0.0666 100000 -0.0482 
6.9000 0.6347 0.0639 100000 -0.0504 
7.4000 0.6469 0.0659 100000 -0.0480 
7.0000 0.6579 0.0628 100000 -0.0505 
7.5000 0.6646 0.0651 100000 -0.0477 
7.6000 0.6822 0.0644 100000 -0.0477 
7.7000 0.6994 0.0635 100000 -0.0472 
8.1000 0.7010 0.0665 100000 -0.0472 
8.2000 0.7236 0.0660 100000 -0.0485 
8.3000 0.7458 0.0655 100000 -0.0498 
8.4000 0.7684 0.0649 100000 -0.0509 
8.8000 0.7803 0.0682 100000 -0.0523 
8.5000 0.7922 0.0640 100000 -0.0519 
8.9000 0.7990 0.0676 100000 -0.0529 
9.0000 0.8168 0.0672 100000 -0.0534 
9.1000 0.8348 0.0666 100000 -0.0538 
9.6000 0.8516 0.0703 100000 -0.0541 
9.2000 0.8517 0.0662 100000 -0.0542 
9.7000 0.8670 0.0699 100000 -0.0542 
9.3000 0.8678 0.0658 100000 -0.0545 
9.8000 0.8825 0.0694 100000 -0.0544 
9.9000 0.8976 0.0690 100000 -0.0545 
10.0000 0.9136 0.0684 100000 -0.0546 
10.4000 0.9205 0.0715 100000 -0.0542 
10.5000 0.9365 0.0708 100000 -0.0542 
10.6000 0.9536 0.0699 100000 -0.0542 
10.7000 0.9709 0.0690 100000 -0.0541 
11.2000 0.9955 0.0710 100000 -0.0535 
11.3000 1.0121 0.0701 100000 -0.0534 
11.9000 1.0537 0.0708 100000 -0.0525 
12.3000 1.0702 0.0727 100000 -0.0521 
12.7000 1.0953 0.0737 100000 -0.0516 
12.8000 1.1126 0.0724 100000 -0.0514 
13.0000 1.1154 0.0743 100000 -0.0513 
12.9000 1.1177 0.0729 100000 -0.0513 
13.1000 1.1288 0.0736 100000 -0.0510 
13.3000 1.1436 0.0737 100000 -0.0507 
13.4000 1.1501 0.0739 100000 -0.0506 
13.2000 1.1512 0.0716 100000 -0.0506 
13.5000 1.1571 0.0741 100000 -0.0504 
13.6000 1.1674 0.0738 100000 -0.0502 
15.0000 1.1738 0.0885 100000 -0.0493 
14.9000 1.1757 0.0870 100000 -0.0492 
14.8000 1.1782 0.0854 100000 -0.0490 
13.7000 1.1818 0.0728 100000 -0.0498 
14.6000 1.1842 0.0821 100000 -0.0488 
14.5000 1.1881 0.0806 100000 -0.0489 
14.4000 1.1919 0.0789 100000 -0.0488 
14.0000 1.1933 0.0745 100000 -0.0493 
13.9000 1.1942 0.0732 100000 -0.0493 
14.1000 1.1946 0.0754 100000 -0.0491 
14.3000 1.1973 0.0769 100000 -0.0486 
13.8000 1.2004 0.0712 100000 -0.0491 
-5.0000 -0.0774 0.0197 150000 -0.0976 
-4.9000 -0.0713 0.0189 150000 -0.0978 
-4.8000 -0.0671 0.0179 150000 -0.0981 
-4.7000 -0.0591 0.0179 150000 -0.0978 
-4.6000 -0.0489 0.0181 150000 -0.0977 
-4.5000 -0.0383 0.0182 150000 -0.0976 
-4.4000 -0.0272 0.0184 150000 -0.0978 
-4.3000 -0.0165 0.0185 150000 -0.0977 
-4.2000 -0.0053 0.0186 150000 -0.0978 
-4.1000 0.0060 0.0187 150000 -0.0979 
-4.0000 0.0168 0.0188 150000 -0.0978 
-3.9000 0.0279 0.0189 150000 -0.0977 
-3.8000 0.0393 0.0190 150000 -0.0978 
-3.7000 0.0510 0.0191 150000 -0.0980 
-3.6000 0.0623 0.0192 150000 -0.0980 
-3.5000 0.0736 0.0193 150000 -0.0979 
-3.4000 0.0850 0.0194 150000 -0.0979 
-3.3000 0.0965 0.0196 150000 -0.0979 
-3.2000 0.1070 0.0197 150000 -0.0980 
-3.1000 0.1172 0.0198 150000 -0.0982 
-3.0000 0.1268 0.0200 150000 -0.0979 
-2.9000 0.1365 0.0201 150000 -0.0978 
-2.8000 0.1465 0.0203 150000 -0.0976 
-2.7000 0.1568 0.0204 150000 -0.0976 
-2.6000 0.1672 0.0206 150000 -0.0976 
-2.5000 0.1779 0.0207 150000 -0.0977 
-2.4000 0.1890 0.0208 150000 -0.0979 
-2.3000 0.1998 0.0209 150000 -0.0980 
-2.2000 0.2101 0.0210 150000 -0.0978 
-2.1000 0.2207 0.0211 150000 -0.0977 
-2.0000 0.2314 0.0212 150000 -0.0977 
-1.9000 0.2423 0.0213 150000 -0.0977 
-1.8000 0.2537 0.0214 150000 -0.0977 
-1.7000 0.2656 0.0214 150000 -0.0979 
-1.6000 0.2782 0.0215 150000 -0.0982 
-1.5000 0.2893 0.0216 150000 -0.0980 
-1.4000 0.2995 0.0218 150000 -0.0976 
-1.3000 0.3067 0.0220 150000 -0.0970 
-1.2000 0.3149 0.0222 150000 -0.0967 
-1.1000 0.3243 0.0223 150000 -0.0966 
-1.0000 0.3350 0.0224 150000 -0.0967 
-0.9000 0.3455 0.0224 150000 -0.0966 
-0.8000 0.3560 0.0224 150000 -0.0963 
-0.7000 0.3673 0.0224 150000 -0.0962 
-0.6000 0.3791 0.0223 150000 -0.0962 
-0.5000 0.3913 0.0223 150000 -0.0962 
-0.4000 0.4038 0.0222 150000 -0.0964 
-0.3000 0.4168 0.0222 150000 -0.0966 
-0.2000 0.4300 0.0222 150000 -0.0970 
-0.1000 0.4393 0.0224 150000 -0.0971 
0.0000 0.4459 0.0226 150000 -0.0964 
0.1000 0.4531 0.0228 150000 -0.0957 
0.2000 0.4606 0.0231 150000 -0.0950 
0.3000 0.4692 0.0233 150000 -0.0947 
0.4000 0.4793 0.0234 150000 -0.0947 
0.5000 0.4896 0.0235 150000 -0.0946 
0.6000 0.4989 0.0236 150000 -0.0942 
0.7000 0.5090 0.0236 150000 -0.0939 
0.8000 0.5202 0.0236 150000 -0.0938 
0.9000 0.5321 0.0235 150000 -0.0939 
1.0000 0.5447 0.0234 150000 -0.0941 
1.1000 0.5575 0.0234 150000 -0.0943 
1.2000 0.5710 0.0233 150000 -0.0947 
1.3000 0.5852 0.0233 150000 -0.0953 
1.4000 0.5921 0.0234 150000 -0.0945 
1.5000 0.5970 0.0236 150000 -0.0936 
1.6000 0.6034 0.0238 150000 -0.0928 
1.7000 0.6119 0.0239 150000 -0.0923 
1.8000 0.6218 0.0239 150000 -0.0921 
1.9000 0.6344 0.0238 150000 -0.0924 
2.0000 0.6466 0.0237 150000 -0.0925 
2.1000 0.6581 0.0235 150000 -0.0922 
2.2000 0.6706 0.0233 150000 -0.0922 
2.3000 0.6836 0.0232 150000 -0.0923 
2.4000 0.6976 0.0231 150000 -0.0927 
2.5000 0.7099 0.0231 150000 -0.0931 
2.6000 0.7168 0.0233 150000 -0.0927 
2.7000 0.7244 0.0234 150000 -0.0925 
2.8000 0.7330 0.0235 150000 -0.0924 
2.9000 0.7421 0.0236 150000 -0.0924 
3.0000 0.7523 0.0237 150000 -0.0925 
3.1000 0.7637 0.0236 150000 -0.0928 
3.2000 0.7751 0.0236 150000 -0.0930 
3.3000 0.7871 0.0234 150000 -0.0931 
3.4000 0.7996 0.0232 150000 -0.0933 
3.5000 0.8132 0.0230 150000 -0.0936 
3.6000 0.8275 0.0228 150000 -0.0941 
3.7000 0.8425 0.0227 150000 -0.0946 
3.8000 0.8522 0.0227 150000 -0.0945 
3.9000 0.8576 0.0229 150000 -0.0939 
4.0000 0.8645 0.0230 150000 -0.0934 
4.1000 0.8728 0.0230 150000 -0.0932 
4.2000 0.8826 0.0230 150000 -0.0931 
4.3000 0.8936 0.0230 150000 -0.0932 
4.4000 0.9056 0.0229 150000 -0.0935 
4.5000 0.9185 0.0228 150000 -0.0939 
4.6000 0.9310 0.0227 150000 -0.0943 
4.7000 0.9430 0.0227 150000 -0.0944 
4.8000 0.9549 0.0226 150000 -0.0946 
4.9000 0.9669 0.0226 150000 -0.0948 
5.0000 0.9795 0.0226 150000 -0.0951 
5.1000 0.9923 0.0226 150000 -0.0954 
5.2000 0.9991 0.0228 150000 -0.0950 
5.3000 1.0045 0.0230 150000 -0.0943 
5.4000 1.0107 0.0232 150000 -0.0938 
5.5000 1.0174 0.0234 150000 -0.0934 
5.6000 1.0254 0.0235 150000 -0.0932 
5.7000 1.0330 0.0236 150000 -0.0928 
5.8000 1.0409 0.0237 150000 -0.0924 
5.9000 1.0497 0.0237 150000 -0.0921 
6.0000 1.0593 0.0237 150000 -0.0920 
6.1000 1.0700 0.0237 150000 -0.0920 
6.2000 1.0818 0.0237 150000 -0.0921 
6.3000 1.0944 0.0236 150000 -0.0925 
6.4000 1.1079 0.0236 150000 -0.0930 
6.5000 1.1204 0.0235 150000 -0.0932 
6.6000 1.1335 0.0234 150000 -0.0935 
10.7000 1.1407 0.0454 150000 -0.0564 
6.8000 1.1446 0.0237 150000 -0.0920 
6.7000 1.1447 0.0233 150000 -0.0935 
6.9000 1.1454 0.0240 150000 -0.0907 
10.3000 1.1471 0.0411 150000 -0.0578 
11.1000 1.1473 0.0486 150000 -0.0555 
7.0000 1.1484 0.0242 150000 -0.0896 
7.1000 1.1531 0.0243 150000 -0.0888 
11.4000 1.1539 0.0508 150000 -0.0548 
11.0000 1.1540 0.0469 150000 -0.0558 
10.8000 1.1545 0.0449 150000 -0.0564 
10.4000 1.1577 0.0409 150000 -0.0578 
11.3000 1.1586 0.0493 150000 -0.0551 
7.2000 1.1587 0.0244 150000 -0.0880 
11.2000 1.1605 0.0481 150000 -0.0554 
7.3000 1.1673 0.0243 150000 -0.0876 
11.5000 1.1676 0.0502 150000 -0.0548 
10.9000 1.1736 0.0439 150000 -0.0566 
10.5000 1.1751 0.0401 150000 -0.0580 
7.4000 1.1784 0.0241 150000 -0.0875 
11.6000 1.1802 0.0498 150000 -0.0547 
7.5000 1.1917 0.0240 150000 -0.0878 
15.0000 1.1959 0.0853 150000 -0.0510 
14.9000 1.1963 0.0840 150000 -0.0509 
14.8000 1.1966 0.0827 150000 -0.0508 
11.7000 1.1967 0.0490 150000 -0.0546 
10.6000 1.1975 0.0389 150000 -0.0583 
14.7000 1.1979 0.0812 150000 -0.0506 
14.6000 1.1996 0.0797 150000 -0.0505 
14.5000 1.2015 0.0782 150000 -0.0503 
14.3000 1.2026 0.0755 150000 -0.0501 
14.4000 1.2029 0.0767 150000 -0.0502 
14.1000 1.2036 0.0728 150000 -0.0500 
7.6000 1.2058 0.0238 150000 -0.0883 
14.0000 1.2069 0.0712 150000 -0.0500 
13.9000 1.2115 0.0694 150000 -0.0499 
10.0000 1.2121 0.0330 150000 -0.0619 
8.2000 1.2144 0.0247 150000 -0.0798 
8.1000 1.2147 0.0245 150000 -0.0815 
9.9000 1.2154 0.0321 150000 -0.0627 
13.8000 1.2167 0.0677 150000 -0.0499 
8.3000 1.2184 0.0248 150000 -0.0789 
13.7000 1.2186 0.0662 150000 -0.0499 
8.0000 1.2190 0.0243 150000 -0.0839 
7.7000 1.2192 0.0236 150000 -0.0885 
13.6000 1.2197 0.0649 150000 -0.0499 
13.5000 1.2212 0.0636 150000 -0.0500 
7.9000 1.2221 0.0240 150000 -0.0858 
8.4000 1.2225 0.0248 150000 -0.0777 
10.1000 1.2244 0.0328 150000 -0.0620 
7.8000 1.2264 0.0236 150000 -0.0879 
13.4000 1.2270 0.0618 150000 -0.0501 
11.8000 1.2303 0.0462 150000 -0.0547 
8.5000 1.2307 0.0247 150000 -0.0771 
13.3000 1.2328 0.0601 150000 -0.0503 
9.2000 1.2339 0.0265 150000 -0.0688 
9.1000 1.2358 0.0258 150000 -0.0697 
13.1000 1.2368 0.0574 150000 -0.0505 
13.2000 1.2368 0.0586 150000 -0.0504 
9.3000 1.2383 0.0268 150000 -0.0685 
11.9000 1.2386 0.0462 150000 -0.0545 
8.6000 1.2388 0.0245 150000 -0.0764 
13.0000 1.2399 0.0561 150000 -0.0507 
12.9000 1.2428 0.0547 150000 -0.0510 
10.2000 1.2431 0.0321 150000 -0.0624 
9.0000 1.2433 0.0249 150000 -0.0710 
12.1000 1.2466 0.0471 150000 -0.0538 
12.8000 1.2474 0.0533 150000 -0.0513 
9.4000 1.2483 0.0269 150000 -0.0686 
12.2000 1.2494 0.0477 150000 -0.0535 
8.7000 1.2496 0.0243 150000 -0.0761 
9.8000 1.2505 0.0290 150000 -0.0657 
12.0000 1.2512 0.0456 150000 -0.0542 
12.7000 1.2512 0.0520 150000 -0.0517 
12.3000 1.2535 0.0480 150000 -0.0530 
12.6000 1.2535 0.0507 150000 -0.0519 
8.9000 1.2541 0.0241 150000 -0.0730 
12.4000 1.2550 0.0487 150000 -0.0526 
12.5000 1.2554 0.0495 150000 -0.0521 
8.8000 1.2596 0.0240 150000 -0.0756 
9.5000 1.2629 0.0266 150000 -0.0691 
9.7000 1.2816 0.0267 150000 -0.0690 
9.6000 1.2835 0.0261 150000 -0.0701 
-5.0000 -0.0697 0.0179 200000 -0.0966 
-4.9000 -0.0611 0.0176 200000 -0.0966 
-4.8000 -0.0521 0.0174 200000 -0.0967 
-4.7000 -0.0423 0.0172 200000 -0.0967 
-4.6000 -0.0334 0.0168 200000 -0.0969 
-4.5000 -0.0245 0.0164 200000 -0.0971 
-4.4000 -0.0158 0.0158 200000 -0.0975 
-4.3000 -0.0072 0.0151 200000 -0.0981 
-4.2000 0.0032 0.0150 200000 -0.0981 
-4.1000 0.0149 0.0150 200000 -0.0983 
-4.0000 0.0267 0.0151 200000 -0.0985 
-3.9000 0.0383 0.0151 200000 -0.0985 
-3.8000 0.0500 0.0152 200000 -0.0987 
-3.7000 0.0611 0.0153 200000 -0.0987 
-3.6000 0.0721 0.0153 200000 -0.0988 
-3.5000 0.0833 0.0154 200000 -0.0989 
-3.4000 0.0946 0.0154 200000 -0.0990 
-3.3000 0.1057 0.0155 200000 -0.0990 
-3.2000 0.1171 0.0155 200000 -0.0991 
-3.1000 0.1286 0.0156 200000 -0.0993 
-3.0000 0.1402 0.0156 200000 -0.0994 
-2.9000 0.1519 0.0156 200000 -0.0996 
-2.8000 0.1633 0.0156 200000 -0.0996 
-2.7000 0.1750 0.0156 200000 -0.0996 
-2.6000 0.1868 0.0156 200000 -0.0998 
-2.5000 0.1988 0.0157 200000 -0.0999 
-2.4000 0.2101 0.0157 200000 -0.1000 
-2.3000 0.2208 0.0157 200000 -0.1000 
-2.2000 0.2318 0.0157 200000 -0.1000 
-2.1000 0.2426 0.0157 200000 -0.1000 
-2.0000 0.2537 0.0157 200000 -0.0999 
-1.9000 0.2650 0.0157 200000 -0.1000 
-1.8000 0.2766 0.0157 200000 -0.1000 
-1.7000 0.2883 0.0157 200000 -0.1001 
-1.6000 0.3002 0.0157 200000 -0.1003 
-1.5000 0.3122 0.0158 200000 -0.1004 
-1.4000 0.3242 0.0158 200000 -0.1007 
-1.3000 0.3353 0.0159 200000 -0.1007 
-1.2000 0.3458 0.0159 200000 -0.1007 
-1.1000 0.3565 0.0160 200000 -0.1006 
-1.0000 0.3673 0.0161 200000 -0.1006 
-0.9000 0.3783 0.0161 200000 -0.1006 
-0.8000 0.3898 0.0162 200000 -0.1008 
-0.7000 0.4005 0.0163 200000 -0.1007 
-0.6000 0.4113 0.0163 200000 -0.1006 
-0.5000 0.4224 0.0163 200000 -0.1006 
-0.4000 0.4338 0.0164 200000 -0.1007 
-0.3000 0.4454 0.0164 200000 -0.1008 
-0.2000 0.4571 0.0164 200000 -0.1010 
-0.1000 0.4691 0.0164 200000 -0.1012 
0.0000 0.4813 0.0164 200000 -0.1014 
0.1000 0.4927 0.0165 200000 -0.1015 
0.2000 0.5038 0.0166 200000 -0.1015 
0.3000 0.5139 0.0166 200000 -0.1014 
0.4000 0.5239 0.0167 200000 -0.1012 
0.5000 0.5342 0.0167 200000 -0.1011 
0.6000 0.5449 0.0168 200000 -0.1010 
0.7000 0.5559 0.0168 200000 -0.1010 
0.8000 0.5660 0.0168 200000 -0.1008 
0.9000 0.5767 0.0168 200000 -0.1006 
1.0000 0.5879 0.0169 200000 -0.1006 
1.1000 0.5994 0.0168 200000 -0.1006 
1.2000 0.6113 0.0168 200000 -0.1008 
1.3000 0.6232 0.0169 200000 -0.1010 
1.4000 0.6354 0.0169 200000 -0.1013 
1.5000 0.6471 0.0170 200000 -0.1016 
1.6000 0.6571 0.0170 200000 -0.1015 
1.7000 0.6671 0.0170 200000 -0.1013 
1.8000 0.6773 0.0170 200000 -0.1012 
1.9000 0.6874 0.0171 200000 -0.1011 
2.0000 0.6977 0.0171 200000 -0.1010 
2.1000 0.7081 0.0172 200000 -0.1009 
2.2000 0.7190 0.0172 200000 -0.1009 
2.3000 0.7304 0.0172 200000 -0.1010 
2.4000 0.7405 0.0172 200000 -0.1007 
2.5000 0.7508 0.0172 200000 -0.1004 
2.6000 0.7617 0.0172 200000 -0.1003 
2.7000 0.7735 0.0172 200000 -0.1004 
2.8000 0.7848 0.0172 200000 -0.1005 
2.9000 0.7947 0.0173 200000 -0.1005 
3.0000 0.8040 0.0173 200000 -0.1003 
3.1000 0.8135 0.0172 200000 -0.1000 
3.2000 0.8234 0.0172 200000 -0.0998 
3.3000 0.8336 0.0172 200000 -0.0997 
3.4000 0.8441 0.0173 200000 -0.0997 
3.5000 0.8548 0.0173 200000 -0.0997 
3.6000 0.8657 0.0173 200000 -0.0997 
3.7000 0.8769 0.0173 200000 -0.0999 
3.8000 0.8882 0.0173 200000 -0.1000 
3.9000 0.8999 0.0173 200000 -0.1002 
4.0000 0.9118 0.0173 200000 -0.1005 
4.1000 0.9239 0.0174 200000 -0.1008 
4.2000 0.9346 0.0174 200000 -0.1009 
4.3000 0.9438 0.0174 200000 -0.1007 
4.4000 0.9532 0.0174 200000 -0.1005 
4.5000 0.9628 0.0175 200000 -0.1004 
4.6000 0.9725 0.0175 200000 -0.1002 
4.7000 0.9823 0.0175 200000 -0.1001 
4.8000 0.9923 0.0176 200000 -0.1001 
4.9000 1.0025 0.0176 200000 -0.1000 
5.0000 1.0128 0.0176 200000 -0.1000 
5.1000 1.0234 0.0177 200000 -0.1001 
5.2000 1.0341 0.0177 200000 -0.1002 
5.3000 1.0450 0.0177 200000 -0.1003 
5.4000 1.0554 0.0177 200000 -0.1003 
5.5000 1.0660 0.0177 200000 -0.1002 
5.6000 1.0766 0.0177 200000 -0.1002 
5.7000 1.0876 0.0177 200000 -0.1003 
5.8000 1.0977 0.0178 200000 -0.1002 
5.9000 1.1060 0.0179 200000 -0.0999 
6.0000 1.1146 0.0179 200000 -0.0996 
6.1000 1.1235 0.0180 200000 -0.0994 
6.2000 1.1326 0.0180 200000 -0.0992 
6.3000 1.1420 0.0181 200000 -0.0991 
6.4000 1.1507 0.0181 200000 -0.0988 
6.5000 1.1596 0.0181 200000 -0.0985 
6.6000 1.1688 0.0181 200000 -0.0982 
6.7000 1.1785 0.0181 200000 -0.0981 
6.8000 1.1886 0.0182 200000 -0.0980 
6.9000 1.1993 0.0182 200000 -0.0980 
14.1000 1.2007 0.0731 200000 -0.0513 
14.2000 1.2018 0.0742 200000 -0.0513 
14.4000 1.2034 0.0766 200000 -0.0515 
14.3000 1.2035 0.0753 200000 -0.0514 
14.0000 1.2037 0.0715 200000 -0.0512 
13.9000 1.2052 0.0700 200000 -0.0512 
14.5000 1.2054 0.0777 200000 -0.0516 
13.8000 1.2067 0.0686 200000 -0.0511 
13.3000 1.2080 0.0624 200000 -0.0511 
13.4000 1.2085 0.0635 200000 -0.0510 
13.7000 1.2085 0.0672 200000 -0.0511 
13.2000 1.2087 0.0612 200000 -0.0511 
13.1000 1.2089 0.0600 200000 -0.0512 
7.0000 1.2090 0.0182 200000 -0.0979 
14.6000 1.2091 0.0785 200000 -0.0517 
13.6000 1.2111 0.0657 200000 -0.0510 
13.0000 1.2113 0.0586 200000 -0.0512 
14.7000 1.2114 0.0796 200000 -0.0518 
13.5000 1.2129 0.0643 200000 -0.0510 
14.8000 1.2140 0.0806 200000 -0.0520 
12.9000 1.2150 0.0570 200000 -0.0514 
7.1000 1.2151 0.0183 200000 -0.0972 
14.9000 1.2167 0.0816 200000 -0.0521 
12.6000 1.2170 0.0535 200000 -0.0517 
12.5000 1.2179 0.0523 200000 -0.0519 
12.4000 1.2180 0.0512 200000 -0.0521 
12.7000 1.2188 0.0544 200000 -0.0516 
15.0000 1.2192 0.0826 200000 -0.0523 
12.8000 1.2195 0.0555 200000 -0.0515 
7.2000 1.2214 0.0184 200000 -0.0965 
12.3000 1.2214 0.0498 200000 -0.0523 
12.2000 1.2251 0.0484 200000 -0.0526 
7.3000 1.2278 0.0185 200000 -0.0958 
12.1000 1.2307 0.0469 200000 -0.0530 
7.4000 1.2346 0.0185 200000 -0.0952 
12.0000 1.2355 0.0454 200000 -0.0533 
11.8000 1.2357 0.0434 200000 -0.0539 
11.7000 1.2385 0.0422 200000 -0.0543 
11.6000 1.2421 0.0409 200000 -0.0547 
7.5000 1.2422 0.0186 200000 -0.0947 
11.5000 1.2479 0.0395 200000 -0.0553 
7.6000 1.2505 0.0186 200000 -0.0944 
11.4000 1.2545 0.0380 200000 -0.0560 
7.7000 1.2577 0.0186 200000 -0.0938 
11.3000 1.2593 0.0367 200000 -0.0566 
11.2000 1.2620 0.0356 200000 -0.0572 
11.1000 1.2627 0.0347 200000 -0.0576 
7.8000 1.2655 0.0186 200000 -0.0932 
11.0000 1.2661 0.0336 200000 -0.0583 
10.9000 1.2711 0.0324 200000 -0.0591 
7.9000 1.2729 0.0187 200000 -0.0927 
10.8000 1.2766 0.0312 200000 -0.0600 
8.0000 1.2769 0.0188 200000 -0.0917 
8.1000 1.2797 0.0190 200000 -0.0905 
8.2000 1.2820 0.0191 200000 -0.0891 
10.7000 1.2834 0.0300 200000 -0.0610 
8.3000 1.2850 0.0192 200000 -0.0878 
8.4000 1.2889 0.0193 200000 -0.0868 
10.6000 1.2903 0.0288 200000 -0.0621 
8.5000 1.2928 0.0194 200000 -0.0857 
10.5000 1.2950 0.0277 200000 -0.0631 
8.6000 1.2961 0.0195 200000 -0.0845 
10.4000 1.2965 0.0269 200000 -0.0639 
8.7000 1.2977 0.0197 200000 -0.0832 
9.3000 1.2984 0.0207 200000 -0.0734 
8.8000 1.2991 0.0199 200000 -0.0818 
8.9000 1.3005 0.0200 200000 -0.0804 
9.4000 1.3012 0.0208 200000 -0.0727 
10.3000 1.3015 0.0259 200000 -0.0650 
9.2000 1.3019 0.0205 200000 -0.0757 
9.0000 1.3021 0.0202 200000 -0.0791 
9.1000 1.3032 0.0203 200000 -0.0776 
10.2000 1.3045 0.0251 200000 -0.0660 
9.5000 1.3062 0.0211 200000 -0.0723 
10.1000 1.3076 0.0243 200000 -0.0671 
9.6000 1.3099 0.0215 200000 -0.0718 
10.0000 1.3116 0.0235 200000 -0.0684 
9.7000 1.3123 0.0219 200000 -0.0712 
9.8000 1.3137 0.0224 200000 -0.0704 
9.9000 1.3138 0.0229 200000 -0.0695 
-5.0000 -0.0699 0.0165 250000 -0.0959 
-4.9000 -0.0595 0.0164 250000 -0.0959 
-4.8000 -0.0493 0.0163 250000 -0.0960 
-4.7000 -0.0391 0.0161 250000 -0.0960 
-4.6000 -0.0291 0.0159 250000 -0.0961 
-4.5000 -0.0192 0.0157 250000 -0.0962 
-4.4000 -0.0086 0.0155 250000 -0.0963 
-4.3000 0.0020 0.0153 250000 -0.0964 
-4.2000 0.0121 0.0150 250000 -0.0967 
-4.1000 0.0230 0.0149 250000 -0.0968 
-4.0000 0.0334 0.0146 250000 -0.0971 
-3.9000 0.0445 0.0146 250000 -0.0974 
-3.8000 0.0546 0.0142 250000 -0.0977 
-3.7000 0.0653 0.0140 250000 -0.0979 
-3.6000 0.0759 0.0137 250000 -0.0982 
-3.5000 0.0865 0.0134 250000 -0.0985 
-3.4000 0.0975 0.0133 250000 -0.0987 
-3.2000 0.1202 0.0132 250000 -0.0989 
-3.1000 0.1318 0.0132 250000 -0.0990 
-3.0000 0.1434 0.0132 250000 -0.0991 
-2.9000 0.1550 0.0132 250000 -0.0992 
-2.8000 0.1660 0.0132 250000 -0.0992 
-2.7000 0.1771 0.0132 250000 -0.0992 
-2.6000 0.1884 0.0132 250000 -0.0993 
-2.5000 0.1998 0.0132 250000 -0.0993 
-2.4000 0.2113 0.0132 250000 -0.0994 
-2.3000 0.2229 0.0132 250000 -0.0996 
-2.2000 0.2345 0.0132 250000 -0.0997 
-2.1000 0.2460 0.0132 250000 -0.0998 
-2.0000 0.2577 0.0133 250000 -0.0999 
-1.9000 0.2694 0.0133 250000 -0.1001 
-1.8000 0.2812 0.0134 250000 -0.1003 
-1.7000 0.2931 0.0134 250000 -0.1005 
-1.6000 0.3045 0.0134 250000 -0.1006 
-1.5000 0.3160 0.0135 250000 -0.1007 
-1.4000 0.3272 0.0135 250000 -0.1008 
-1.3000 0.3384 0.0135 250000 -0.1009 
-1.2000 0.3497 0.0135 250000 -0.1010 
-1.1000 0.3610 0.0135 250000 -0.1010 
-1.0000 0.3724 0.0135 250000 -0.1012 
-0.9000 0.3839 0.0135 250000 -0.1013 
-0.8000 0.3954 0.0136 250000 -0.1014 
-0.7000 0.4070 0.0136 250000 -0.1015 
-0.6000 0.4182 0.0136 250000 -0.1016 
-0.5000 0.4296 0.0136 250000 -0.1016 
-0.4000 0.4411 0.0137 250000 -0.1017 
-0.3000 0.4528 0.0137 250000 -0.1019 
-0.2000 0.4647 0.0138 250000 -0.1021 
-0.1000 0.4757 0.0138 250000 -0.1021 
0.0000 0.4865 0.0138 250000 -0.1020 
0.1000 0.4973 0.0138 250000 -0.1020 
0.2000 0.5084 0.0138 250000 -0.1021 
0.3000 0.5195 0.0138 250000 -0.1021 
0.4000 0.5307 0.0139 250000 -0.1022 
0.5000 0.5420 0.0139 250000 -0.1023 
0.6000 0.5534 0.0139 250000 -0.1024 
0.7000 0.5645 0.0139 250000 -0.1024 
0.8000 0.5756 0.0139 250000 -0.1024 
0.9000 0.5869 0.0140 250000 -0.1024 
1.0000 0.5984 0.0141 250000 -0.1026 
1.1000 0.6103 0.0142 250000 -0.1027 
1.2000 0.6208 0.0142 250000 -0.1027 
1.3000 0.6314 0.0142 250000 -0.1026 
1.4000 0.6420 0.0142 250000 -0.1025 
1.5000 0.6527 0.0143 250000 -0.1025 
1.6000 0.6636 0.0143 250000 -0.1025 
1.7000 0.6744 0.0143 250000 -0.1026 
1.8000 0.6854 0.0143 250000 -0.1026 
1.9000 0.6964 0.0143 250000 -0.1026 
2.0000 0.7076 0.0143 250000 -0.1027 
2.1000 0.7186 0.0143 250000 -0.1027 
2.2000 0.7295 0.0143 250000 -0.1027 
2.3000 0.7404 0.0143 250000 -0.1027 
2.4000 0.7507 0.0144 250000 -0.1027 
2.5000 0.7613 0.0144 250000 -0.1026 
2.6000 0.7719 0.0144 250000 -0.1026 
2.7000 0.7827 0.0145 250000 -0.1026 
2.8000 0.7938 0.0145 250000 -0.1027 
2.9000 0.8042 0.0145 250000 -0.1026 
3.0000 0.8144 0.0146 250000 -0.1025 
3.1000 0.8248 0.0146 250000 -0.1024 
3.2000 0.8354 0.0147 250000 -0.1023 
3.3000 0.8462 0.0147 250000 -0.1023 
3.4000 0.8572 0.0147 250000 -0.1024 
3.5000 0.8683 0.0148 250000 -0.1025 
3.6000 0.8788 0.0148 250000 -0.1024 
3.7000 0.8892 0.0148 250000 -0.1023 
3.8000 0.8994 0.0148 250000 -0.1023 
3.9000 0.9098 0.0149 250000 -0.1022 
4.0000 0.9202 0.0149 250000 -0.1022 
4.1000 0.9307 0.0150 250000 -0.1022 
4.2000 0.9413 0.0150 250000 -0.1022 
4.3000 0.9520 0.0150 250000 -0.1022 
4.4000 0.9628 0.0151 250000 -0.1023 
4.5000 0.9732 0.0151 250000 -0.1023 
4.6000 0.9833 0.0151 250000 -0.1022 
4.7000 0.9935 0.0151 250000 -0.1021 
4.8000 1.0037 0.0151 250000 -0.1020 
4.9000 1.0139 0.0152 250000 -0.1019 
5.0000 1.0242 0.0152 250000 -0.1018 
5.1000 1.0346 0.0153 250000 -0.1018 
5.2000 1.0447 0.0153 250000 -0.1018 
5.3000 1.0549 0.0153 250000 -0.1018 
5.4000 1.0651 0.0154 250000 -0.1017 
5.5000 1.0752 0.0154 250000 -0.1017 
5.6000 1.0848 0.0155 250000 -0.1015 
5.7000 1.0942 0.0155 250000 -0.1013 
5.8000 1.1037 0.0155 250000 -0.1012 
5.9000 1.1131 0.0156 250000 -0.1010 
6.0000 1.1225 0.0156 250000 -0.1008 
6.1000 1.1319 0.0156 250000 -0.1006 
6.2000 1.1412 0.0157 250000 -0.1004 
6.3000 1.1506 0.0158 250000 -0.1002 
6.4000 1.1600 0.0158 250000 -0.1001 
6.5000 1.1691 0.0159 250000 -0.0999 
6.6000 1.1776 0.0159 250000 -0.0995 
11.1000 1.1828 0.0411 250000 -0.0548 
11.0000 1.1842 0.0399 250000 -0.0552 
11.2000 1.1848 0.0419 250000 -0.0546 
12.0000 1.1854 0.0501 250000 -0.0529 
10.9000 1.1857 0.0389 250000 -0.0556 
11.3000 1.1857 0.0428 250000 -0.0544 
11.4000 1.1858 0.0438 250000 -0.0541 
6.7000 1.1859 0.0159 250000 -0.0991 
12.1000 1.1860 0.0511 250000 -0.0527 
11.9000 1.1866 0.0489 250000 -0.0530 
12.2000 1.1880 0.0520 250000 -0.0526 
10.8000 1.1883 0.0377 250000 -0.0560 
11.5000 1.1883 0.0446 250000 -0.0540 
11.8000 1.1883 0.0477 250000 -0.0533 
11.7000 1.1891 0.0466 250000 -0.0535 
12.3000 1.1897 0.0529 250000 -0.0525 
12.4000 1.1905 0.0540 250000 -0.0524 
10.4000 1.1912 0.0338 250000 -0.0577 
10.1000 1.1922 0.0311 250000 -0.0591 
12.5000 1.1922 0.0549 250000 -0.0523 
10.3000 1.1928 0.0328 250000 -0.0582 
10.0000 1.1932 0.0302 250000 -0.0596 
10.2000 1.1932 0.0319 250000 -0.0587 
6.8000 1.1941 0.0160 250000 -0.0987 
10.5000 1.1945 0.0344 250000 -0.0575 
11.6000 1.1951 0.0450 250000 -0.0539 
9.9000 1.1960 0.0291 250000 -0.0603 
13.3000 1.1967 0.0637 250000 -0.0519 
13.2000 1.1973 0.0625 250000 -0.0519 
13.0000 1.1974 0.0601 250000 -0.0520 
12.9000 1.1978 0.0589 250000 -0.0521 
13.1000 1.1978 0.0612 250000 -0.0520 
13.4000 1.1979 0.0648 250000 -0.0519 
10.6000 1.1991 0.0350 250000 -0.0573 
12.6000 1.1991 0.0553 250000 -0.0523 
12.8000 1.1991 0.0576 250000 -0.0521 
9.8000 1.2005 0.0280 250000 -0.0611 
12.7000 1.2008 0.0563 250000 -0.0522 
13.5000 1.2012 0.0657 250000 -0.0519 
6.9000 1.2019 0.0161 250000 -0.0983 
9.7000 1.2029 0.0270 250000 -0.0617 
13.6000 1.2031 0.0667 250000 -0.0520 
9.6000 1.2042 0.0261 250000 -0.0623 
13.7000 1.2050 0.0677 250000 -0.0520 
9.5000 1.2062 0.0256 250000 -0.0634 
9.3000 1.2076 0.0247 250000 -0.0661 
9.4000 1.2085 0.0251 250000 -0.0650 
9.2000 1.2090 0.0241 250000 -0.0673 
7.0000 1.2099 0.0161 250000 -0.0979 
13.8000 1.2109 0.0683 250000 -0.0520 
9.1000 1.2117 0.0235 250000 -0.0686 
13.9000 1.2136 0.0692 250000 -0.0521 
9.0000 1.2154 0.0228 250000 -0.0700 
14.0000 1.2157 0.0702 250000 -0.0522 
14.1000 1.2172 0.0713 250000 -0.0523 
8.9000 1.2177 0.0222 250000 -0.0713 
7.1000 1.2180 0.0162 250000 -0.0975 
14.2000 1.2185 0.0724 250000 -0.0524 
14.3000 1.2196 0.0735 250000 -0.0525 
14.6000 1.2196 0.0775 250000 -0.0529 
14.4000 1.2201 0.0748 250000 -0.0526 
14.5000 1.2201 0.0761 250000 -0.0527 
14.7000 1.2203 0.0787 250000 -0.0530 
14.8000 1.2212 0.0799 250000 -0.0531 
14.9000 1.2219 0.0812 250000 -0.0533 
8.8000 1.2224 0.0214 250000 -0.0729 
15.0000 1.2226 0.0824 250000 -0.0535 
7.2000 1.2256 0.0163 250000 -0.0970 
8.7000 1.2270 0.0208 250000 -0.0746 
7.3000 1.2316 0.0163 250000 -0.0962 
8.5000 1.2317 0.0197 250000 -0.0775 
8.6000 1.2326 0.0201 250000 -0.0764 
8.4000 1.2333 0.0192 250000 -0.0791 
8.3000 1.2361 0.0188 250000 -0.0808 
7.4000 1.2364 0.0164 250000 -0.0952 
8.2000 1.2374 0.0183 250000 -0.0823 
7.5000 1.2406 0.0165 250000 -0.0941 
8.1000 1.2409 0.0179 250000 -0.0842 
7.6000 1.2436 0.0166 250000 -0.0928 
7.7000 1.2462 0.0168 250000 -0.0915 
8.0000 1.2466 0.0175 250000 -0.0866 
7.9000 1.2488 0.0171 250000 -0.0886 
7.8000 1.2491 0.0169 250000 -0.0903 
-5.0000 -0.0731 0.0135 500000 -0.0947 
-4.9000 -0.0622 0.0134 500000 -0.0948 
-4.8000 -0.0516 0.0133 500000 -0.0948 
-4.7000 -0.0412 0.0132 500000 -0.0949 
-4.6000 -0.0306 0.0131 500000 -0.0949 
-4.5000 -0.0200 0.0130 500000 -0.0949 
-4.4000 -0.0090 0.0129 500000 -0.0950 
-4.3000 0.0022 0.0128 500000 -0.0952 
-4.2000 0.0135 0.0128 500000 -0.0953 
-4.1000 0.0246 0.0127 500000 -0.0954 
-4.0000 0.0357 0.0126 500000 -0.0955 
-3.9000 0.0468 0.0125 500000 -0.0957 
-3.8000 0.0580 0.0124 500000 -0.0958 
-3.7000 0.0692 0.0124 500000 -0.0959 
-3.6000 0.0805 0.0123 500000 -0.0960 
-3.5000 0.0917 0.0123 500000 -0.0961 
-3.4000 0.1029 0.0122 500000 -0.0962 
-3.2000 0.1253 0.0122 500000 -0.0964 
-3.1000 0.1368 0.0121 500000 -0.0966 
-3.0000 0.1484 0.0121 500000 -0.0968 
-2.9000 0.1598 0.0120 500000 -0.0969 
-2.8000 0.1713 0.0120 500000 -0.0971 
-2.5000 0.2055 0.0118 500000 -0.0975 
-2.4000 0.2168 0.0118 500000 -0.0976 
-2.3000 0.2281 0.0118 500000 -0.0977 
-2.2000 0.2392 0.0118 500000 -0.0978 
-2.1000 0.2504 0.0118 500000 -0.0979 
-2.0000 0.2619 0.0118 500000 -0.0980 
-1.9000 0.2736 0.0118 500000 -0.0982 
-1.8000 0.2852 0.0117 500000 -0.0984 
-1.7000 0.2967 0.0117 500000 -0.0985 
-1.6000 0.3083 0.0117 500000 -0.0987 
-1.5000 0.3197 0.0117 500000 -0.0988 
-1.4000 0.3310 0.0117 500000 -0.0989 
-1.3000 0.3421 0.0117 500000 -0.0990 
-1.2000 0.3531 0.0117 500000 -0.0990 
-1.1000 0.3644 0.0117 500000 -0.0992 
-1.0000 0.3758 0.0116 500000 -0.0993 
-0.9000 0.3872 0.0116 500000 -0.0994 
-0.8000 0.3985 0.0116 500000 -0.0995 
-0.7000 0.4097 0.0116 500000 -0.0996 
-0.6000 0.4208 0.0116 500000 -0.0997 
-0.5000 0.4318 0.0116 500000 -0.0998 
-0.3000 0.4545 0.0115 500000 -0.1001 
-0.2000 0.4659 0.0116 500000 -0.1002 
-0.1000 0.4772 0.0116 500000 -0.1003 
0.0000 0.4883 0.0116 500000 -0.1004 
0.1000 0.4991 0.0116 500000 -0.1005 
0.2000 0.5098 0.0116 500000 -0.1005 
0.3000 0.5210 0.0116 500000 -0.1006 
0.4000 0.5327 0.0115 500000 -0.1009 
0.5000 0.5438 0.0115 500000 -0.1010 
0.6000 0.5541 0.0116 500000 -0.1010 
0.7000 0.5643 0.0115 500000 -0.1010 
0.8000 0.5731 0.0117 500000 -0.1008 
0.9000 0.5781 0.0120 500000 -0.1000 
1.0000 0.5828 0.0123 500000 -0.0993 
1.1000 0.5881 0.0125 500000 -0.0988 
1.2000 0.5973 0.0123 500000 -0.0991 
1.3000 0.6076 0.0123 500000 -0.0992 
1.4000 0.6106 0.0128 500000 -0.0980 
1.5000 0.6197 0.0129 500000 -0.0978 
1.6000 0.6288 0.0131 500000 -0.0976 
1.7000 0.6388 0.0131 500000 -0.0976 
1.8000 0.6485 0.0132 500000 -0.0974 
1.9000 0.6544 0.0135 500000 -0.0967 
2.0000 0.6625 0.0137 500000 -0.0963 
2.1000 0.6717 0.0138 500000 -0.0961 
2.2000 0.6807 0.0139 500000 -0.0958 
2.3000 0.6898 0.0140 500000 -0.0956 
2.4000 0.6992 0.0141 500000 -0.0954 
2.5000 0.7091 0.0141 500000 -0.0953 
2.6000 0.7173 0.0143 500000 -0.0949 
2.8000 0.7318 0.0146 500000 -0.0939 
2.9000 0.7397 0.0147 500000 -0.0934 
3.0000 0.7482 0.0148 500000 -0.0931 
3.1000 0.7567 0.0149 500000 -0.0927 
3.2000 0.7649 0.0150 500000 -0.0923 
3.3000 0.7726 0.0151 500000 -0.0918 
3.4000 0.7797 0.0152 500000 -0.0912 
3.5000 0.7866 0.0153 500000 -0.0906 
3.6000 0.7936 0.0154 500000 -0.0900 
3.7000 0.8001 0.0155 500000 -0.0893 
3.8000 0.8072 0.0156 500000 -0.0887 
3.9000 0.8147 0.0157 500000 -0.0882 
4.0000 0.8221 0.0158 500000 -0.0877 
4.1000 0.8296 0.0159 500000 -0.0871 
4.2000 0.8369 0.0160 500000 -0.0866 
4.3000 0.8442 0.0162 500000 -0.0861 
4.4000 0.8483 0.0164 500000 -0.0851 
4.5000 0.8500 0.0167 500000 -0.0838 
4.6000 0.8561 0.0169 500000 -0.0832 
4.7000 0.8621 0.0170 500000 -0.0826 
4.8000 0.8681 0.0172 500000 -0.0819 
4.9000 0.8739 0.0174 500000 -0.0813 
5.0000 0.8791 0.0176 500000 -0.0806 
5.1000 0.8844 0.0179 500000 -0.0799 
5.2000 0.8900 0.0181 500000 -0.0793 
5.3000 0.8955 0.0183 500000 -0.0787 
5.4000 0.9014 0.0185 500000 -0.0781 
5.5000 0.9066 0.0187 500000 -0.0775 
5.6000 0.9126 0.0190 500000 -0.0770 
5.7000 0.9182 0.0192 500000 -0.0764 
5.8000 0.9239 0.0195 500000 -0.0759 
5.9000 0.9293 0.0197 500000 -0.0753 
6.0000 0.9352 0.0200 500000 -0.0749 
6.1000 0.9410 0.0202 500000 -0.0744 
6.2000 0.9468 0.0205 500000 -0.0739 
6.3000 0.9524 0.0208 500000 -0.0734 
6.4000 0.9581 0.0211 500000 -0.0730 
6.5000 0.9637 0.0214 500000 -0.0725 
6.6000 0.9691 0.0217 500000 -0.0721 
6.7000 0.9743 0.0220 500000 -0.0716 
6.8000 0.9797 0.0223 500000 -0.0711 
6.9000 0.9850 0.0226 500000 -0.0707 
7.0000 0.9901 0.0230 500000 -0.0703 
7.1000 0.9952 0.0233 500000 -0.0698 
7.2000 1.0004 0.0237 500000 -0.0694 
7.3000 1.0053 0.0240 500000 -0.0690 
7.4000 1.0096 0.0245 500000 -0.0685 
7.5000 1.0145 0.0249 500000 -0.0681 
7.6000 1.0194 0.0252 500000 -0.0677 
7.7000 1.0236 0.0257 500000 -0.0673 
7.8000 1.0288 0.0261 500000 -0.0669 
7.9000 1.0342 0.0264 500000 -0.0666 
8.0000 1.0397 0.0268 500000 -0.0663 
8.2000 1.0500 0.0276 500000 -0.0656 
8.3000 1.0552 0.0280 500000 -0.0653 
8.4000 1.0606 0.0284 500000 -0.0650 
8.5000 1.0657 0.0288 500000 -0.0647 
8.6000 1.0710 0.0292 500000 -0.0644 
8.7000 1.0773 0.0296 500000 -0.0642 
8.8000 1.0802 0.0301 500000 -0.0638 
8.9000 1.0823 0.0308 500000 -0.0633 
9.0000 1.0849 0.0314 500000 -0.0629 
9.1000 1.0881 0.0320 500000 -0.0625 
9.2000 1.0907 0.0326 500000 -0.0621 
9.3000 1.0942 0.0332 500000 -0.0618 
9.4000 1.0972 0.0338 500000 -0.0614 
9.5000 1.1007 0.0344 500000 -0.0611 
9.6000 1.1047 0.0349 500000 -0.0608 
9.7000 1.1080 0.0355 500000 -0.0605 
9.8000 1.1120 0.0360 500000 -0.0602 
9.9000 1.1149 0.0367 500000 -0.0598 
10.0000 1.1184 0.0373 500000 -0.0595 
10.2000 1.1256 0.0384 500000 -0.0589 
10.4000 1.1311 0.0397 500000 -0.0582 
10.5000 1.1339 0.0403 500000 -0.0578 
10.7000 1.1364 0.0414 500000 -0.0564 
10.6000 1.1365 0.0409 500000 -0.0574 
10.8000 1.1379 0.0419 500000 -0.0559 
10.9000 1.1409 0.0427 500000 -0.0557 
11.0000 1.1445 0.0434 500000 -0.0556 
11.1000 1.1475 0.0441 500000 -0.0554 
11.2000 1.1510 0.0448 500000 -0.0553 
11.3000 1.1545 0.0455 500000 -0.0552 
11.4000 1.1577 0.0463 500000 -0.0551 
11.5000 1.1616 0.0470 500000 -0.0550 
11.6000 1.1654 0.0477 500000 -0.0549 
11.7000 1.1692 0.0484 500000 -0.0548 
11.8000 1.1731 0.0491 500000 -0.0547 
11.9000 1.1766 0.0498 500000 -0.0546 
12.0000 1.1799 0.0506 500000 -0.0546 
12.1000 1.1833 0.0514 500000 -0.0545 
12.2000 1.1852 0.0523 500000 -0.0544 
12.3000 1.1882 0.0531 500000 -0.0543 
12.4000 1.1899 0.0541 500000 -0.0543 
12.5000 1.1922 0.0549 500000 -0.0542 
12.6000 1.1935 0.0559 500000 -0.0541 
12.7000 1.1980 0.0566 500000 -0.0541 
12.8000 1.2034 0.0572 500000 -0.0541 
12.9000 1.2082 0.0579 500000 -0.0541 
13.0000 1.2124 0.0586 500000 -0.0541 
13.1000 1.2167 0.0593 500000 -0.0542 
13.2000 1.2207 0.0600 500000 -0.0542 
13.3000 1.2247 0.0608 500000 -0.0542 
13.4000 1.2286 0.0616 500000 -0.0542 
13.5000 1.2323 0.0624 500000 -0.0542 
13.6000 1.2361 0.0631 500000 -0.0543 
13.7000 1.2404 0.0639 500000 -0.0543 
13.8000 1.2448 0.0646 500000 -0.0543 
13.9000 1.2492 0.0653 500000 -0.0544 
14.0000 1.2529 0.0661 500000 -0.0545 
14.1000 1.2572 0.0669 500000 -0.0545 
14.2000 1.2613 0.0676 500000 -0.0546 
14.5000 1.2739 0.0699 500000 -0.0549 
14.6000 1.2782 0.0707 500000 -0.0550 
14.7000 1.2822 0.0714 500000 -0.0551 
14.8000 1.2857 0.0723 500000 -0.0551 
14.9000 1.2890 0.0732 500000 -0.0553 
15.0000 1.2920 0.0741 500000 -0.0554 
-5.0000 -0.0753 0.0118 750000 -0.0952 
-4.9000 -0.0639 0.0118 750000 -0.0953 
-4.8000 -0.0525 0.0117 750000 -0.0955 
-4.7000 -0.0412 0.0117 750000 -0.0956 
-4.6000 -0.0299 0.0116 750000 -0.0957 
-4.4000 -0.0072 0.0115 750000 -0.0960 
-4.3000 0.0040 0.0115 750000 -0.0961 
-4.2000 0.0152 0.0115 750000 -0.0961 
-4.0000 0.0378 0.0114 750000 -0.0964 
-3.9000 0.0493 0.0113 750000 -0.0965 
-3.8000 0.0608 0.0113 750000 -0.0967 
-3.7000 0.0723 0.0113 750000 -0.0968 
-3.6000 0.0838 0.0112 750000 -0.0969 
-3.5000 0.0951 0.0112 750000 -0.0971 
-3.4000 0.1064 0.0112 750000 -0.0972 
-3.3000 0.1177 0.0112 750000 -0.0973 
-3.2000 0.1290 0.0111 750000 -0.0974 
-3.1000 0.1406 0.0111 750000 -0.0975 
-3.0000 0.1521 0.0111 750000 -0.0977 
-2.9000 0.1636 0.0111 750000 -0.0978 
-2.8000 0.1750 0.0110 750000 -0.0980 
-2.7000 0.1862 0.0110 750000 -0.0981 
-2.6000 0.1975 0.0110 750000 -0.0982 
-2.5000 0.2088 0.0110 750000 -0.0983 
-2.4000 0.2200 0.0110 750000 -0.0984 
-2.3000 0.2316 0.0109 750000 -0.0986 
-2.2000 0.2430 0.0109 750000 -0.0987 
-2.1000 0.2542 0.0109 750000 -0.0988 
-2.0000 0.2650 0.0110 750000 -0.0988 
-1.9000 0.2761 0.0110 750000 -0.0989 
-1.8000 0.2876 0.0109 750000 -0.0991 
-1.7000 0.2985 0.0110 750000 -0.0991 
-1.6000 0.3085 0.0111 750000 -0.0990 
-1.5000 0.3171 0.0112 750000 -0.0987 
-1.4000 0.3208 0.0118 750000 -0.0977 
-1.3000 0.3260 0.0122 750000 -0.0969 
-1.2000 0.3357 0.0124 750000 -0.0967 
-1.1000 0.3420 0.0127 750000 -0.0961 
-1.0000 0.3522 0.0128 750000 -0.0961 
-0.9000 0.3622 0.0129 750000 -0.0960 
-0.8000 0.3725 0.0129 750000 -0.0959 
-0.7000 0.3805 0.0131 750000 -0.0956 
-0.6000 0.3907 0.0132 750000 -0.0955 
-0.5000 0.4009 0.0133 750000 -0.0954 
-0.4000 0.4117 0.0133 750000 -0.0955 
-0.3000 0.4212 0.0134 750000 -0.0953 
-0.2000 0.4307 0.0135 750000 -0.0952 
-0.1000 0.4412 0.0136 750000 -0.0951 
0.0000 0.4518 0.0136 750000 -0.0951 
0.1000 0.4623 0.0136 750000 -0.0951 
0.2000 0.4727 0.0137 750000 -0.0951 
0.3000 0.4832 0.0137 750000 -0.0951 
0.4000 0.4940 0.0137 750000 -0.0951 
0.6000 0.5150 0.0138 750000 -0.0951 
0.7000 0.5238 0.0139 750000 -0.0949 
0.8000 0.5342 0.0140 750000 -0.0948 
0.9000 0.5443 0.0140 750000 -0.0948 
1.0000 0.5544 0.0141 750000 -0.0947 
1.1000 0.5645 0.0141 750000 -0.0946 
1.2000 0.5747 0.0142 750000 -0.0945 
1.3000 0.5849 0.0142 750000 -0.0945 
1.4000 0.5952 0.0143 750000 -0.0944 
1.5000 0.6054 0.0143 750000 -0.0944 
1.6000 0.6156 0.0143 750000 -0.0943 
1.8000 0.6359 0.0144 750000 -0.0942 
1.9000 0.6456 0.0144 750000 -0.0941 
2.0000 0.6554 0.0145 750000 -0.0940 
2.1000 0.6654 0.0145 750000 -0.0940 
2.2000 0.6749 0.0146 750000 -0.0938 
2.3000 0.6847 0.0146 750000 -0.0937 
2.4000 0.6952 0.0146 750000 -0.0938 
2.5000 0.7051 0.0146 750000 -0.0937 
2.6000 0.7158 0.0145 750000 -0.0939 
2.7000 0.7261 0.0144 750000 -0.0940 
2.8000 0.7376 0.0142 750000 -0.0946 
2.9000 0.7454 0.0142 750000 -0.0944 
3.0000 0.7544 0.0143 750000 -0.0942 
3.1000 0.7631 0.0143 750000 -0.0939 
3.3000 0.7797 0.0145 750000 -0.0931 
3.4000 0.7871 0.0146 750000 -0.0926 
3.5000 0.7941 0.0147 750000 -0.0919 
3.6000 0.8012 0.0147 750000 -0.0913 
3.7000 0.8082 0.0148 750000 -0.0907 
3.8000 0.8149 0.0149 750000 -0.0900 
3.9000 0.8218 0.0150 750000 -0.0894 
4.0000 0.8287 0.0152 750000 -0.0888 
4.1000 0.8355 0.0153 750000 -0.0882 
4.2000 0.8423 0.0154 750000 -0.0876 
4.3000 0.8488 0.0155 750000 -0.0869 
4.4000 0.8554 0.0157 750000 -0.0863 
4.5000 0.8621 0.0158 750000 -0.0857 
4.6000 0.8687 0.0159 750000 -0.0851 
4.8000 0.8817 0.0163 750000 -0.0840 
4.9000 0.8881 0.0164 750000 -0.0834 
5.0000 0.8943 0.0166 750000 -0.0828 
5.1000 0.9006 0.0167 750000 -0.0822 
5.2000 0.9067 0.0169 750000 -0.0816 
5.3000 0.9127 0.0171 750000 -0.0811 
5.5000 0.9248 0.0175 750000 -0.0799 
5.6000 0.9308 0.0177 750000 -0.0794 
5.7000 0.9367 0.0179 750000 -0.0788 
5.8000 0.9426 0.0182 750000 -0.0783 
5.9000 0.9481 0.0184 750000 -0.0777 
6.0000 0.9538 0.0187 750000 -0.0772 
6.1000 0.9596 0.0189 750000 -0.0767 
6.2000 0.9649 0.0192 750000 -0.0761 
6.3000 0.9704 0.0194 750000 -0.0756 
6.4000 0.9762 0.0197 750000 -0.0751 
6.5000 0.9816 0.0200 750000 -0.0746 
6.6000 0.9867 0.0203 750000 -0.0741 
6.7000 0.9920 0.0206 750000 -0.0736 
6.8000 0.9973 0.0209 750000 -0.0731 
6.9000 1.0023 0.0212 750000 -0.0726 
7.0000 1.0076 0.0216 750000 -0.0722 
7.1000 1.0127 0.0219 750000 -0.0717 
7.2000 1.0178 0.0222 750000 -0.0713 
7.3000 1.0225 0.0226 750000 -0.0708 
7.4000 1.0272 0.0230 750000 -0.0703 
7.6000 1.0370 0.0238 750000 -0.0695 
7.7000 1.0416 0.0242 750000 -0.0690 
7.8000 1.0464 0.0246 750000 -0.0686 
7.9000 1.0508 0.0250 750000 -0.0682 
8.0000 1.0554 0.0254 750000 -0.0678 
8.1000 1.0598 0.0259 750000 -0.0674 
8.2000 1.0644 0.0263 750000 -0.0670 
8.3000 1.0685 0.0268 750000 -0.0666 
8.4000 1.0728 0.0272 750000 -0.0662 
8.5000 1.0772 0.0277 750000 -0.0658 
8.6000 1.0818 0.0282 750000 -0.0655 
8.7000 1.0865 0.0286 750000 -0.0651 
8.8000 1.0911 0.0291 750000 -0.0648 
8.9000 1.0963 0.0295 750000 -0.0645 
9.0000 1.1011 0.0299 750000 -0.0642 
9.1000 1.1054 0.0304 750000 -0.0639 
9.2000 1.1102 0.0309 750000 -0.0636 
9.3000 1.1147 0.0314 750000 -0.0633 
9.4000 1.1194 0.0319 750000 -0.0631 
9.5000 1.1241 0.0323 750000 -0.0628 
9.6000 1.1284 0.0328 750000 -0.0625 
9.7000 1.1326 0.0334 750000 -0.0622 
9.8000 1.1369 0.0339 750000 -0.0620 
9.9000 1.1416 0.0344 750000 -0.0617 
10.0000 1.1463 0.0349 750000 -0.0615 
10.1000 1.1504 0.0354 750000 -0.0612 
10.3000 1.1592 0.0365 750000 -0.0608 
10.4000 1.1637 0.0371 750000 -0.0605 
10.5000 1.1684 0.0376 750000 -0.0603 
10.6000 1.1727 0.0381 750000 -0.0601 
10.7000 1.1770 0.0387 750000 -0.0599 
10.8000 1.1809 0.0393 750000 -0.0597 
10.9000 1.1847 0.0399 750000 -0.0595 
11.0000 1.1899 0.0404 750000 -0.0593 
11.2000 1.2000 0.0413 750000 -0.0590 
11.3000 1.2043 0.0419 750000 -0.0588 
11.4000 1.2069 0.0426 750000 -0.0585 
11.5000 1.2097 0.0432 750000 -0.0581 
11.6000 1.2114 0.0438 750000 -0.0575 
11.7000 1.2127 0.0441 750000 -0.0568 
11.8000 1.2168 0.0448 750000 -0.0567 
11.9000 1.2202 0.0455 750000 -0.0566 
12.0000 1.2232 0.0463 750000 -0.0564 
12.1000 1.2264 0.0470 750000 -0.0563 
12.2000 1.2289 0.0478 750000 -0.0562 
12.3000 1.2326 0.0486 750000 -0.0561 
12.4000 1.2355 0.0493 750000 -0.0560 
12.5000 1.2387 0.0501 750000 -0.0559 
12.6000 1.2421 0.0508 750000 -0.0558 
12.7000 1.2445 0.0517 750000 -0.0557 
12.8000 1.2477 0.0525 750000 -0.0557 
12.9000 1.2505 0.0534 750000 -0.0556 
13.0000 1.2517 0.0544 750000 -0.0555 
13.1000 1.2547 0.0552 750000 -0.0554 
13.2000 1.2588 0.0559 750000 -0.0554 
13.3000 1.2618 0.0567 750000 -0.0554 
13.4000 1.2637 0.0576 750000 -0.0553 
13.5000 1.2654 0.0586 750000 -0.0553 
13.6000 1.2686 0.0595 750000 -0.0553 
13.7000 1.2706 0.0604 750000 -0.0553 
13.9000 1.2765 0.0622 750000 -0.0553 
14.0000 1.2799 0.0630 750000 -0.0553 
14.1000 1.2825 0.0639 750000 -0.0554 
14.2000 1.2851 0.0648 750000 -0.0554 
14.3000 1.2872 0.0658 750000 -0.0554 
14.4000 1.2891 0.0668 750000 -0.0555 
14.5000 1.2916 0.0678 750000 -0.0556 
14.6000 1.2929 0.0689 750000 -0.0556 
14.7000 1.2957 0.0698 750000 -0.0557 
14.8000 1.2981 0.0708 750000 -0.0558 
14.9000 1.2984 0.0720 750000 -0.0559 
15.0000 1.2999 0.0731 750000 -0.0560 
-5.0000 -0.0736 0.0111 1000000 -0.0959 
-4.9000 -0.0622 0.0111 1000000 -0.0960 
-4.8000 -0.0509 0.0110 1000000 -0.0961 
-4.7000 -0.0397 0.0110 1000000 -0.0962 
-4.6000 -0.0286 0.0109 1000000 -0.0963 
-4.5000 -0.0174 0.0109 1000000 -0.0964 
-4.4000 -0.0060 0.0109 1000000 -0.0965 
-4.3000 0.0054 0.0108 1000000 -0.0967 
-4.2000 0.0167 0.0108 1000000 -0.0968 
-4.1000 0.0279 0.0107 1000000 -0.0969 
-4.0000 0.0391 0.0107 1000000 -0.0970 
-3.9000 0.0504 0.0107 1000000 -0.0971 
-3.8000 0.0619 0.0107 1000000 -0.0972 
-3.7000 0.0734 0.0106 1000000 -0.0974 
-3.6000 0.0849 0.0106 1000000 -0.0975 
-3.5000 0.0963 0.0106 1000000 -0.0977 
-3.4000 0.1077 0.0106 1000000 -0.0978 
-3.3000 0.1189 0.0106 1000000 -0.0979 
-3.2000 0.1300 0.0106 1000000 -0.0980 
-3.1000 0.1417 0.0105 1000000 -0.0981 
-3.0000 0.1532 0.0105 1000000 -0.0983 
-2.9000 0.1643 0.0105 1000000 -0.0984 
-2.8000 0.1752 0.0105 1000000 -0.0984 
-2.5000 0.1954 0.0116 1000000 -0.0967 
-2.4000 0.2047 0.0117 1000000 -0.0965 
-2.3000 0.2119 0.0121 1000000 -0.0960 
-2.2000 0.2220 0.0121 1000000 -0.0959 
-2.1000 0.2319 0.0123 1000000 -0.0958 
-2.0000 0.2413 0.0124 1000000 -0.0956 
-1.9000 0.2522 0.0124 1000000 -0.0957 
-1.8000 0.2629 0.0125 1000000 -0.0957 
-1.7000 0.2741 0.0125 1000000 -0.0958 
-1.6000 0.2845 0.0126 1000000 -0.0957 
-1.5000 0.2943 0.0127 1000000 -0.0956 
-1.4000 0.3053 0.0127 1000000 -0.0957 
-1.3000 0.3161 0.0127 1000000 -0.0957 
-1.2000 0.3269 0.0127 1000000 -0.0958 
-1.1000 0.3380 0.0128 1000000 -0.0958 
-1.0000 0.3491 0.0128 1000000 -0.0959 
-0.9000 0.3601 0.0128 1000000 -0.0960 
-0.8000 0.3698 0.0129 1000000 -0.0958 
-0.7000 0.3806 0.0129 1000000 -0.0959 
-0.6000 0.3913 0.0130 1000000 -0.0959 
-0.5000 0.4022 0.0130 1000000 -0.0959 
-0.4000 0.4130 0.0130 1000000 -0.0960 
-0.3000 0.4239 0.0131 1000000 -0.0960 
-0.2000 0.4349 0.0131 1000000 -0.0961 
-0.1000 0.4458 0.0131 1000000 -0.0961 
0.0000 0.4566 0.0131 1000000 -0.0962 
0.1000 0.4674 0.0132 1000000 -0.0962 
0.2000 0.4780 0.0132 1000000 -0.0962 
0.3000 0.4887 0.0132 1000000 -0.0962 
0.4000 0.4993 0.0133 1000000 -0.0962 
0.5000 0.5100 0.0133 1000000 -0.0962 
0.6000 0.5207 0.0133 1000000 -0.0963 
0.7000 0.5315 0.0133 1000000 -0.0963 
0.8000 0.5421 0.0134 1000000 -0.0963 
0.9000 0.5528 0.0134 1000000 -0.0963 
1.0000 0.5622 0.0135 1000000 -0.0961 
1.1000 0.5724 0.0136 1000000 -0.0961 
1.2000 0.5826 0.0136 1000000 -0.0960 
1.3000 0.5929 0.0136 1000000 -0.0959 
1.4000 0.6030 0.0137 1000000 -0.0959 
1.6000 0.6235 0.0138 1000000 -0.0958 
1.7000 0.6337 0.0138 1000000 -0.0957 
1.8000 0.6438 0.0139 1000000 -0.0956 
1.9000 0.6538 0.0139 1000000 -0.0955 
2.0000 0.6639 0.0140 1000000 -0.0955 
2.1000 0.6738 0.0140 1000000 -0.0954 
2.2000 0.6837 0.0141 1000000 -0.0952 
2.3000 0.6936 0.0141 1000000 -0.0951 
2.5000 0.7132 0.0142 1000000 -0.0949 
2.6000 0.7227 0.0143 1000000 -0.0947 
2.7000 0.7321 0.0143 1000000 -0.0945 
2.8000 0.7415 0.0144 1000000 -0.0944 
2.9000 0.7509 0.0144 1000000 -0.0942 
3.0000 0.7603 0.0145 1000000 -0.0940 
3.1000 0.7693 0.0145 1000000 -0.0938 
3.2000 0.7784 0.0146 1000000 -0.0935 
3.3000 0.7879 0.0146 1000000 -0.0935 
3.4000 0.7967 0.0146 1000000 -0.0932 
3.5000 0.8057 0.0146 1000000 -0.0930 
3.6000 0.8136 0.0146 1000000 -0.0926 
3.7000 0.8214 0.0146 1000000 -0.0922 
3.8000 0.8288 0.0146 1000000 -0.0917 
3.9000 0.8377 0.0145 1000000 -0.0917 
4.0000 0.8454 0.0145 1000000 -0.0913 
4.1000 0.8526 0.0146 1000000 -0.0908 
4.2000 0.8599 0.0147 1000000 -0.0902 
4.3000 0.8672 0.0148 1000000 -0.0897 
4.4000 0.8746 0.0149 1000000 -0.0892 
4.5000 0.8820 0.0150 1000000 -0.0887 
4.6000 0.8891 0.0150 1000000 -0.0882 
4.7000 0.8960 0.0152 1000000 -0.0876 
4.8000 0.9030 0.0153 1000000 -0.0871 
4.9000 0.9098 0.0154 1000000 -0.0865 
5.0000 0.9164 0.0156 1000000 -0.0859 
5.1000 0.9228 0.0157 1000000 -0.0853 
5.2000 0.9295 0.0159 1000000 -0.0848 
5.3000 0.9362 0.0160 1000000 -0.0843 
5.4000 0.9425 0.0162 1000000 -0.0837 
5.5000 0.9490 0.0163 1000000 -0.0831 
5.6000 0.9552 0.0165 1000000 -0.0826 
5.7000 0.9614 0.0167 1000000 -0.0820 
5.8000 0.9676 0.0169 1000000 -0.0815 
6.0000 0.9799 0.0173 1000000 -0.0804 
6.1000 0.9860 0.0175 1000000 -0.0799 
6.2000 0.9920 0.0177 1000000 -0.0794 
6.3000 0.9978 0.0179 1000000 -0.0788 
6.4000 1.0037 0.0181 1000000 -0.0783 
6.5000 1.0096 0.0184 1000000 -0.0778 
6.6000 1.0152 0.0186 1000000 -0.0773 
6.7000 1.0208 0.0189 1000000 -0.0768 
6.8000 1.0265 0.0191 1000000 -0.0763 
6.9000 1.0321 0.0194 1000000 -0.0758 
7.0000 1.0375 0.0197 1000000 -0.0753 
7.1000 1.0432 0.0200 1000000 -0.0748 
7.2000 1.0489 0.0203 1000000 -0.0744 
7.3000 1.0544 0.0206 1000000 -0.0739 
7.4000 1.0598 0.0209 1000000 -0.0735 
7.5000 1.0655 0.0212 1000000 -0.0730 
7.6000 1.0710 0.0215 1000000 -0.0726 
7.7000 1.0762 0.0218 1000000 -0.0722 
7.8000 1.0814 0.0222 1000000 -0.0718 
7.9000 1.0869 0.0225 1000000 -0.0714 
8.0000 1.0924 0.0228 1000000 -0.0710 
8.1000 1.0974 0.0232 1000000 -0.0706 
8.2000 1.1014 0.0237 1000000 -0.0701 
8.3000 1.1058 0.0241 1000000 -0.0696 
8.4000 1.1099 0.0245 1000000 -0.0692 
8.5000 1.1141 0.0250 1000000 -0.0687 
8.7000 1.1228 0.0259 1000000 -0.0679 
8.8000 1.1270 0.0263 1000000 -0.0675 
8.9000 1.1307 0.0268 1000000 -0.0671 
9.0000 1.1348 0.0273 1000000 -0.0667 
9.1000 1.1388 0.0278 1000000 -0.0663 
9.2000 1.1424 0.0283 1000000 -0.0659 
9.3000 1.1464 0.0289 1000000 -0.0655 
9.4000 1.1501 0.0294 1000000 -0.0651 
9.5000 1.1544 0.0299 1000000 -0.0648 
9.6000 1.1581 0.0304 1000000 -0.0644 
9.8000 1.1658 0.0315 1000000 -0.0638 
9.9000 1.1692 0.0321 1000000 -0.0634 
10.0000 1.1723 0.0327 1000000 -0.0631 
10.1000 1.1758 0.0333 1000000 -0.0627 
10.3000 1.1836 0.0344 1000000 -0.0622 
10.4000 1.1873 0.0349 1000000 -0.0619 
10.5000 1.1904 0.0356 1000000 -0.0616 
10.6000 1.1942 0.0362 1000000 -0.0613 
10.7000 1.1977 0.0368 1000000 -0.0611 
10.8000 1.2015 0.0374 1000000 -0.0608 
10.9000 1.2053 0.0380 1000000 -0.0606 
11.0000 1.2084 0.0387 1000000 -0.0603 
11.1000 1.2115 0.0394 1000000 -0.0601 
11.2000 1.2144 0.0401 1000000 -0.0599 
11.3000 1.2184 0.0407 1000000 -0.0597 
11.4000 1.2219 0.0413 1000000 -0.0594 
11.5000 1.2254 0.0420 1000000 -0.0592 
11.6000 1.2280 0.0427 1000000 -0.0590 
11.7000 1.2306 0.0435 1000000 -0.0588 
11.9000 1.2370 0.0448 1000000 -0.0584 
12.0000 1.2389 0.0456 1000000 -0.0582 
12.1000 1.2424 0.0463 1000000 -0.0580 
12.2000 1.2440 0.0471 1000000 -0.0577 
12.4000 1.2441 0.0485 1000000 -0.0564 
12.5000 1.2462 0.0493 1000000 -0.0563 
12.3000 1.2464 0.0478 1000000 -0.0574 
12.6000 1.2499 0.0500 1000000 -0.0562 
12.7000 1.2518 0.0509 1000000 -0.0560 
12.8000 1.2552 0.0516 1000000 -0.0560 
13.0000 1.2563 0.0538 1000000 -0.0558 
12.9000 1.2566 0.0526 1000000 -0.0559 
13.1000 1.2585 0.0547 1000000 -0.0557 
13.2000 1.2618 0.0554 1000000 -0.0556 
13.3000 1.2642 0.0563 1000000 -0.0556 
13.4000 1.2654 0.0574 1000000 -0.0555 
13.5000 1.2668 0.0584 1000000 -0.0555 
13.6000 1.2669 0.0596 1000000 -0.0555 
13.7000 1.2691 0.0605 1000000 -0.0555 
13.8000 1.2710 0.0615 1000000 -0.0555 
13.9000 1.2721 0.0626 1000000 -0.0555 
14.2000 1.2730 0.0662 1000000 -0.0555 
14.1000 1.2731 0.0649 1000000 -0.0555 
14.0000 1.2739 0.0636 1000000 -0.0555 
14.3000 1.2774 0.0669 1000000 -0.0556 
14.4000 1.2806 0.0678 1000000 -0.0557 
14.5000 1.2844 0.0686 1000000 -0.0558 
14.6000 1.2883 0.0694 1000000 -0.0558 
14.7000 1.2915 0.0703 1000000 -0.0559 
14.9000 1.2977 0.0721 1000000 -0.0561 
15.0000 1.2996 0.0731 1000000 -0.0563 
-5.0000 -0.0849 0.0122 2000000 -0.0943 
-4.9000 -0.0746 0.0120 2000000 -0.0944 
-4.8000 -0.0641 0.0118 2000000 -0.0945 
-4.7000 -0.0531 0.0117 2000000 -0.0947 
-4.6000 -0.0421 0.0116 2000000 -0.0948 
-4.5000 -0.0326 0.0117 2000000 -0.0947 
-4.4000 -0.0214 0.0117 2000000 -0.0948 
-4.3000 -0.0102 0.0116 2000000 -0.0949 
-4.2000 0.0010 0.0116 2000000 -0.0950 
-4.1000 0.0123 0.0116 2000000 -0.0951 
-4.0000 0.0237 0.0115 2000000 -0.0953 
-3.9000 0.0351 0.0115 2000000 -0.0954 
-3.8000 0.0453 0.0116 2000000 -0.0954 
-3.7000 0.0566 0.0115 2000000 -0.0955 
-3.6000 0.0680 0.0115 2000000 -0.0956 
-3.5000 0.0793 0.0115 2000000 -0.0957 
-3.4000 0.0907 0.0114 2000000 -0.0959 
-3.3000 0.1021 0.0114 2000000 -0.0960 
-3.2000 0.1136 0.0114 2000000 -0.0962 
-3.1000 0.1250 0.0114 2000000 -0.0963 
-3.0000 0.1355 0.0114 2000000 -0.0963 
-2.9000 0.1468 0.0114 2000000 -0.0964 
-2.8000 0.1582 0.0114 2000000 -0.0965 
-2.7000 0.1696 0.0114 2000000 -0.0967 
-2.6000 0.1810 0.0114 2000000 -0.0968 
-2.5000 0.1924 0.0114 2000000 -0.0969 
-2.4000 0.2038 0.0114 2000000 -0.0971 
-2.3000 0.2152 0.0113 2000000 -0.0972 
-2.2000 0.2265 0.0114 2000000 -0.0973 
-2.1000 0.2379 0.0114 2000000 -0.0974 
-2.0000 0.2493 0.0114 2000000 -0.0975 
-1.9000 0.2607 0.0114 2000000 -0.0977 
-1.8000 0.2721 0.0114 2000000 -0.0978 
-1.7000 0.2830 0.0114 2000000 -0.0978 
-1.6000 0.2942 0.0114 2000000 -0.0979 
-1.5000 0.3054 0.0114 2000000 -0.0980 
-1.4000 0.3167 0.0114 2000000 -0.0981 
-1.3000 0.3280 0.0114 2000000 -0.0982 
-1.2000 0.3393 0.0115 2000000 -0.0983 
-1.1000 0.3506 0.0115 2000000 -0.0985 
-1.0000 0.3618 0.0115 2000000 -0.0986 
-0.9000 0.3731 0.0115 2000000 -0.0987 
-0.8000 0.3843 0.0115 2000000 -0.0988 
-0.7000 0.3955 0.0115 2000000 -0.0988 
-0.6000 0.4067 0.0115 2000000 -0.0989 
-0.5000 0.4179 0.0116 2000000 -0.0990 
-0.4000 0.4290 0.0116 2000000 -0.0991 
-0.2000 0.4512 0.0116 2000000 -0.0993 
-0.1000 0.4623 0.0117 2000000 -0.0993 
0.0000 0.4733 0.0117 2000000 -0.0994 
0.1000 0.4843 0.0117 2000000 -0.0995 
0.2000 0.4954 0.0117 2000000 -0.0995 
0.3000 0.5064 0.0118 2000000 -0.0996 
0.4000 0.5175 0.0118 2000000 -0.0997 
0.5000 0.5286 0.0118 2000000 -0.0997 
0.6000 0.5396 0.0118 2000000 -0.0998 
0.7000 0.5506 0.0119 2000000 -0.0999 
0.8000 0.5616 0.0119 2000000 -0.0999 
0.9000 0.5725 0.0119 2000000 -0.1000 
1.0000 0.5834 0.0119 2000000 -0.1001 
1.1000 0.5943 0.0120 2000000 -0.1001 
1.2000 0.6051 0.0120 2000000 -0.1001 
1.3000 0.6158 0.0121 2000000 -0.1001 
1.4000 0.6265 0.0121 2000000 -0.1002 
1.5000 0.6372 0.0121 2000000 -0.1002 
1.6000 0.6480 0.0122 2000000 -0.1002 
1.7000 0.6587 0.0122 2000000 -0.1002 
1.8000 0.6693 0.0123 2000000 -0.1002 
1.9000 0.6799 0.0123 2000000 -0.1002 
2.0000 0.6905 0.0123 2000000 -0.1002 
2.3000 0.7210 0.0125 2000000 -0.1000 
2.4000 0.7312 0.0126 2000000 -0.0999 
2.5000 0.7414 0.0126 2000000 -0.0999 
2.6000 0.7515 0.0127 2000000 -0.0998 
2.7000 0.7616 0.0127 2000000 -0.0997 
2.8000 0.7717 0.0128 2000000 -0.0996 
3.0000 0.7918 0.0129 2000000 -0.0994 
3.1000 0.8017 0.0129 2000000 -0.0993 
3.2000 0.8115 0.0130 2000000 -0.0992 
3.3000 0.8213 0.0130 2000000 -0.0991 
3.4000 0.8310 0.0131 2000000 -0.0989 
3.5000 0.8406 0.0132 2000000 -0.0987 
3.6000 0.8502 0.0132 2000000 -0.0986 
3.7000 0.8596 0.0133 2000000 -0.0984 
3.8000 0.8690 0.0133 2000000 -0.0982 
3.9000 0.8784 0.0134 2000000 -0.0980 
4.0000 0.8875 0.0135 2000000 -0.0977 
4.1000 0.8965 0.0135 2000000 -0.0975 
4.2000 0.9053 0.0136 2000000 -0.0972 
4.3000 0.9139 0.0137 2000000 -0.0968 
4.4000 0.9219 0.0137 2000000 -0.0964 
4.5000 0.9290 0.0138 2000000 -0.0957 
4.6000 0.9357 0.0139 2000000 -0.0950 
4.7000 0.9426 0.0139 2000000 -0.0944 
4.8000 0.9491 0.0140 2000000 -0.0936 
4.9000 0.9555 0.0141 2000000 -0.0929 
5.0000 0.9621 0.0142 2000000 -0.0922 
5.1000 0.9688 0.0143 2000000 -0.0916 
5.2000 0.9754 0.0144 2000000 -0.0909 
5.3000 0.9825 0.0144 2000000 -0.0904 
5.4000 0.9891 0.0146 2000000 -0.0897 
5.5000 0.9956 0.0147 2000000 -0.0891 
5.6000 1.0029 0.0147 2000000 -0.0887 
5.7000 1.0097 0.0148 2000000 -0.0882 
5.8000 1.0167 0.0149 2000000 -0.0878 
5.9000 1.0238 0.0150 2000000 -0.0874 
6.0000 1.0308 0.0150 2000000 -0.0870 
6.1000 1.0376 0.0151 2000000 -0.0866 
6.2000 1.0433 0.0153 2000000 -0.0859 
6.3000 1.0491 0.0155 2000000 -0.0853 
6.4000 1.0547 0.0157 2000000 -0.0847 
6.5000 1.0600 0.0159 2000000 -0.0840 
6.6000 1.0656 0.0160 2000000 -0.0833 
6.7000 1.0710 0.0163 2000000 -0.0827 
6.8000 1.0761 0.0165 2000000 -0.0820 
6.9000 1.0819 0.0167 2000000 -0.0815 
7.0000 1.0868 0.0170 2000000 -0.0808 
7.1000 1.0918 0.0172 2000000 -0.0802 
7.2000 1.0971 0.0175 2000000 -0.0796 
7.3000 1.1019 0.0177 2000000 -0.0790 
7.4000 1.1066 0.0180 2000000 -0.0784 
7.6000 1.1166 0.0186 2000000 -0.0772 
7.7000 1.1210 0.0190 2000000 -0.0766 
7.8000 1.1258 0.0193 2000000 -0.0760 
7.9000 1.1306 0.0196 2000000 -0.0755 
8.0000 1.1351 0.0200 2000000 -0.0749 
8.1000 1.1394 0.0203 2000000 -0.0743 
8.2000 1.1443 0.0207 2000000 -0.0738 
8.3000 1.1486 0.0211 2000000 -0.0733 
8.4000 1.1524 0.0215 2000000 -0.0727 
8.5000 1.1569 0.0219 2000000 -0.0722 
8.6000 1.1612 0.0223 2000000 -0.0717 
8.9000 1.1732 0.0236 2000000 -0.0702 
9.0000 1.1769 0.0241 2000000 -0.0698 
9.1000 1.1805 0.0246 2000000 -0.0693 
9.2000 1.1844 0.0250 2000000 -0.0688 
9.3000 1.1882 0.0255 2000000 -0.0683 
9.4000 1.1916 0.0260 2000000 -0.0679 
9.5000 1.1951 0.0265 2000000 -0.0675 
9.6000 1.1990 0.0270 2000000 -0.0670 
9.7000 1.2026 0.0276 2000000 -0.0666 
9.8000 1.2056 0.0281 2000000 -0.0662 
9.9000 1.2089 0.0287 2000000 -0.0657 
10.0000 1.2120 0.0293 2000000 -0.0653 
10.1000 1.2155 0.0298 2000000 -0.0649 
10.2000 1.2184 0.0304 2000000 -0.0645 
10.3000 1.2217 0.0310 2000000 -0.0642 
10.4000 1.2247 0.0316 2000000 -0.0638 
10.5000 1.2269 0.0323 2000000 -0.0633 
10.6000 1.2302 0.0329 2000000 -0.0630 
10.7000 1.2321 0.0336 2000000 -0.0626 
10.8000 1.2351 0.0343 2000000 -0.0623 
10.9000 1.2379 0.0349 2000000 -0.0619 
11.0000 1.2394 0.0357 2000000 -0.0616 
11.1000 1.2417 0.0364 2000000 -0.0613 
11.2000 1.2434 0.0372 2000000 -0.0609 
11.3000 1.2466 0.0378 2000000 -0.0607 
12.1000 1.2494 0.0454 2000000 -0.0581 
11.5000 1.2499 0.0394 2000000 -0.0601 
12.2000 1.2508 0.0463 2000000 -0.0579 
11.6000 1.2517 0.0403 2000000 -0.0598 
12.0000 1.2524 0.0442 2000000 -0.0585 
11.7000 1.2535 0.0411 2000000 -0.0595 
12.3000 1.2540 0.0471 2000000 -0.0578 
11.8000 1.2557 0.0418 2000000 -0.0592 
11.9000 1.2560 0.0428 2000000 -0.0589 
12.4000 1.2621 0.0474 2000000 -0.0578 
12.5000 1.2630 0.0483 2000000 -0.0577 
12.7000 1.2789 0.0489 2000000 -0.0578 
12.9000 1.2858 0.0504 2000000 -0.0576 
13.0000 1.2914 0.0509 2000000 -0.0576 
13.1000 1.2976 0.0514 2000000 -0.0576 
13.2000 1.3006 0.0521 2000000 -0.0575 
13.3000 1.3038 0.0529 2000000 -0.0575 
13.5000 1.3115 0.0544 2000000 -0.0575 
13.6000 1.3160 0.0550 2000000 -0.0575 
13.7000 1.3198 0.0557 2000000 -0.0574 
13.8000 1.3234 0.0565 2000000 -0.0574 
13.9000 1.3279 0.0571 2000000 -0.0574 
14.0000 1.3317 0.0578 2000000 -0.0574 
14.2000 1.3390 0.0594 2000000 -0.0575 
14.3000 1.3420 0.0602 2000000 -0.0575 
14.5000 1.3454 0.0613 2000000 -0.0566 
14.4000 1.3455 0.0609 2000000 -0.0575 
14.6000 1.3504 0.0620 2000000 -0.0567 
14.7000 1.3541 0.0627 2000000 -0.0567 
14.8000 1.3575 0.0636 2000000 -0.0567 
15.0000 1.3665 0.0649 2000000 -0.0569 
-5.0000 -0.0836 0.0122 3000000 -0.0946 
-4.9000 -0.0730 0.0120 3000000 -0.0947 
-4.8000 -0.0624 0.0119 3000000 -0.0948 
-4.7000 -0.0514 0.0118 3000000 -0.0950 
-4.6000 -0.0406 0.0116 3000000 -0.0951 
-4.5000 -0.0295 0.0115 3000000 -0.0953 
-4.4000 -0.0182 0.0114 3000000 -0.0954 
-4.3000 -0.0069 0.0113 3000000 -0.0956 
-4.2000 0.0045 0.0113 3000000 -0.0958 
-4.1000 0.0159 0.0112 3000000 -0.0959 
-4.0000 0.0273 0.0112 3000000 -0.0960 
-3.9000 0.0381 0.0112 3000000 -0.0961 
-3.8000 0.0494 0.0111 3000000 -0.0962 
-3.7000 0.0608 0.0111 3000000 -0.0964 
-3.6000 0.0723 0.0111 3000000 -0.0965 
-3.5000 0.0837 0.0110 3000000 -0.0967 
-3.4000 0.0952 0.0110 3000000 -0.0968 
-3.3000 0.1066 0.0110 3000000 -0.0970 
-3.2000 0.1181 0.0109 3000000 -0.0971 
-3.1000 0.1296 0.0109 3000000 -0.0972 
-3.0000 0.1411 0.0109 3000000 -0.0974 
-2.9000 0.1526 0.0109 3000000 -0.0975 
-2.8000 0.1641 0.0109 3000000 -0.0977 
-2.7000 0.1756 0.0109 3000000 -0.0978 
-2.6000 0.1867 0.0108 3000000 -0.0979 
-2.5000 0.1981 0.0108 3000000 -0.0981 
-2.4000 0.2096 0.0108 3000000 -0.0982 
-2.3000 0.2211 0.0108 3000000 -0.0984 
-2.2000 0.2326 0.0107 3000000 -0.0985 
-2.1000 0.2441 0.0107 3000000 -0.0987 
-2.0000 0.2555 0.0107 3000000 -0.0988 
-1.9000 0.2670 0.0107 3000000 -0.0990 
-1.8000 0.2785 0.0107 3000000 -0.0991 
-1.7000 0.2899 0.0107 3000000 -0.0992 
-1.6000 0.3013 0.0107 3000000 -0.0994 
-1.5000 0.3128 0.0107 3000000 -0.0995 
-1.4000 0.3242 0.0107 3000000 -0.0996 
-1.3000 0.3356 0.0107 3000000 -0.0997 
-1.2000 0.3470 0.0107 3000000 -0.0999 
-1.1000 0.3584 0.0107 3000000 -0.1000 
-1.0000 0.3698 0.0107 3000000 -0.1001 
-0.9000 0.3812 0.0108 3000000 -0.1002 
-0.8000 0.3926 0.0108 3000000 -0.1004 
-0.7000 0.4040 0.0108 3000000 -0.1005 
-0.6000 0.4153 0.0108 3000000 -0.1006 
-0.5000 0.4267 0.0108 3000000 -0.1007 
-0.4000 0.4380 0.0108 3000000 -0.1009 
-0.3000 0.4493 0.0108 3000000 -0.1010 
-0.2000 0.4606 0.0108 3000000 -0.1011 
-0.1000 0.4719 0.0109 3000000 -0.1012 
0.0000 0.4832 0.0109 3000000 -0.1013 
0.1000 0.4944 0.0109 3000000 -0.1014 
0.2000 0.5056 0.0109 3000000 -0.1015 
0.3000 0.5167 0.0110 3000000 -0.1016 
0.4000 0.5279 0.0110 3000000 -0.1017 
0.5000 0.5391 0.0110 3000000 -0.1018 
0.6000 0.5503 0.0110 3000000 -0.1018 
0.7000 0.5609 0.0111 3000000 -0.1019 
0.8000 0.5719 0.0111 3000000 -0.1019 
0.9000 0.5829 0.0111 3000000 -0.1020 
1.0000 0.5939 0.0112 3000000 -0.1020 
1.1000 0.6049 0.0112 3000000 -0.1021 
1.2000 0.6158 0.0112 3000000 -0.1021 
1.3000 0.6268 0.0113 3000000 -0.1022 
1.4000 0.6377 0.0113 3000000 -0.1022 
1.5000 0.6486 0.0113 3000000 -0.1023 
1.6000 0.6594 0.0114 3000000 -0.1023 
1.8000 0.6811 0.0115 3000000 -0.1024 
1.9000 0.6918 0.0115 3000000 -0.1024 
2.0000 0.7025 0.0115 3000000 -0.1024 
2.1000 0.7132 0.0116 3000000 -0.1024 
2.2000 0.7238 0.0116 3000000 -0.1024 
2.3000 0.7344 0.0117 3000000 -0.1024 
2.4000 0.7450 0.0117 3000000 -0.1024 
2.5000 0.7555 0.0118 3000000 -0.1024 
2.6000 0.7660 0.0118 3000000 -0.1024 
2.7000 0.7764 0.0119 3000000 -0.1024 
2.8000 0.7868 0.0119 3000000 -0.1023 
2.9000 0.7971 0.0120 3000000 -0.1023 
3.0000 0.8074 0.0120 3000000 -0.1022 
3.1000 0.8176 0.0121 3000000 -0.1021 
3.2000 0.8278 0.0121 3000000 -0.1021 
3.3000 0.8379 0.0122 3000000 -0.1020 
3.4000 0.8479 0.0122 3000000 -0.1019 
3.5000 0.8579 0.0123 3000000 -0.1018 
3.6000 0.8679 0.0123 3000000 -0.1017 
3.7000 0.8777 0.0124 3000000 -0.1016 
3.8000 0.8875 0.0125 3000000 -0.1014 
3.9000 0.8972 0.0125 3000000 -0.1013 
4.0000 0.9067 0.0126 3000000 -0.1011 
4.1000 0.9162 0.0127 3000000 -0.1009 
4.2000 0.9256 0.0127 3000000 -0.1007 
4.3000 0.9348 0.0128 3000000 -0.1005 
4.4000 0.9440 0.0129 3000000 -0.1002 
4.5000 0.9530 0.0129 3000000 -0.0999 
4.6000 0.9621 0.0130 3000000 -0.0997 
4.7000 0.9708 0.0131 3000000 -0.0994 
4.8000 0.9794 0.0131 3000000 -0.0990 
4.9000 0.9876 0.0132 3000000 -0.0986 
5.0000 0.9944 0.0133 3000000 -0.0979 
5.1000 1.0005 0.0134 3000000 -0.0971 
5.2000 1.0066 0.0134 3000000 -0.0963 
5.3000 1.0126 0.0135 3000000 -0.0954 
5.4000 1.0187 0.0136 3000000 -0.0946 
5.5000 1.0254 0.0137 3000000 -0.0940 
5.6000 1.0317 0.0138 3000000 -0.0932 
5.7000 1.0379 0.0139 3000000 -0.0925 
5.8000 1.0442 0.0140 3000000 -0.0918 
5.9000 1.0503 0.0142 3000000 -0.0911 
6.0000 1.0562 0.0143 3000000 -0.0903 
6.1000 1.0628 0.0144 3000000 -0.0898 
6.2000 1.0688 0.0145 3000000 -0.0891 
6.3000 1.0744 0.0147 3000000 -0.0883 
6.4000 1.0803 0.0148 3000000 -0.0876 
6.5000 1.0861 0.0150 3000000 -0.0870 
6.6000 1.0923 0.0151 3000000 -0.0864 
6.7000 1.0977 0.0153 3000000 -0.0857 
6.8000 1.1030 0.0155 3000000 -0.0850 
6.9000 1.1088 0.0157 3000000 -0.0844 
7.0000 1.1138 0.0159 3000000 -0.0837 
7.1000 1.1199 0.0160 3000000 -0.0833 
7.2000 1.1277 0.0160 3000000 -0.0833 
7.3000 1.1317 0.0163 3000000 -0.0823 
7.4000 1.1372 0.0165 3000000 -0.0818 
7.5000 1.1419 0.0168 3000000 -0.0812 
7.6000 1.1458 0.0171 3000000 -0.0804 
7.7000 1.1511 0.0174 3000000 -0.0798 
7.8000 1.1537 0.0177 3000000 -0.0790 
7.9000 1.1577 0.0181 3000000 -0.0782 
8.0000 1.1632 0.0183 3000000 -0.0777 
8.1000 1.1664 0.0187 3000000 -0.0770 
8.2000 1.1709 0.0191 3000000 -0.0764 
8.3000 1.1751 0.0194 3000000 -0.0758 
8.4000 1.1784 0.0198 3000000 -0.0752 
8.5000 1.1821 0.0202 3000000 -0.0745 
8.6000 1.1857 0.0207 3000000 -0.0739 
8.7000 1.1889 0.0211 3000000 -0.0733 
8.8000 1.1932 0.0215 3000000 -0.0728 
8.9000 1.1956 0.0220 3000000 -0.0721 
9.0000 1.1975 0.0226 3000000 -0.0714 
9.1000 1.1986 0.0232 3000000 -0.0706 
9.3000 1.1988 0.0246 3000000 -0.0690 
9.2000 1.1996 0.0238 3000000 -0.0699 
9.4000 1.2005 0.0252 3000000 -0.0683 
9.5000 1.2048 0.0257 3000000 -0.0679 
9.6000 1.2080 0.0262 3000000 -0.0675 
9.8000 1.2168 0.0271 3000000 -0.0667 
9.7000 1.2187 0.0262 3000000 -0.0676 
9.9000 1.2215 0.0276 3000000 -0.0664 
10.0000 1.2323 0.0276 3000000 -0.0665 
10.1000 1.2326 0.0283 3000000 -0.0659 
10.2000 1.2394 0.0286 3000000 -0.0657 
10.3000 1.2463 0.0289 3000000 -0.0656 
10.4000 1.2502 0.0295 3000000 -0.0652 
10.6000 1.2587 0.0305 3000000 -0.0646 
10.7000 1.2612 0.0311 3000000 -0.0642 
10.8000 1.2698 0.0313 3000000 -0.0642 
10.9000 1.2714 0.0320 3000000 -0.0637 
11.0000 1.2781 0.0323 3000000 -0.0636 
11.1000 1.2786 0.0332 3000000 -0.0631 
11.2000 1.2841 0.0336 3000000 -0.0629 
11.3000 1.2884 0.0341 3000000 -0.0627 
11.4000 1.2938 0.0346 3000000 -0.0625 
11.5000 1.2988 0.0351 3000000 -0.0623 
11.6000 1.3019 0.0357 3000000 -0.0620 
11.7000 1.3055 0.0363 3000000 -0.0618 
11.8000 1.3091 0.0369 3000000 -0.0616 
11.9000 1.3132 0.0375 3000000 -0.0614 
12.0000 1.3181 0.0380 3000000 -0.0612 
12.1000 1.3215 0.0387 3000000 -0.0610 
12.2000 1.3249 0.0394 3000000 -0.0608 
12.3000 1.3275 0.0401 3000000 -0.0605 
12.4000 1.3327 0.0406 3000000 -0.0604 
12.5000 1.3361 0.0413 3000000 -0.0602 
12.6000 1.3405 0.0418 3000000 -0.0601 
12.7000 1.3453 0.0424 3000000 -0.0599 
12.8000 1.3475 0.0432 3000000 -0.0597 
12.9000 1.3501 0.0440 3000000 -0.0596 
13.1000 1.3593 0.0451 3000000 -0.0594 
13.2000 1.3625 0.0458 3000000 -0.0592 
13.3000 1.3666 0.0465 3000000 -0.0591 
13.4000 1.3708 0.0471 3000000 -0.0590 
13.5000 1.3728 0.0480 3000000 -0.0589 
13.6000 1.3753 0.0488 3000000 -0.0588 
13.7000 1.3772 0.0497 3000000 -0.0587 
14.1000 1.3773 0.0540 3000000 -0.0581 
13.8000 1.3801 0.0504 3000000 -0.0586 
13.9000 1.3802 0.0515 3000000 -0.0584 
14.2000 1.3830 0.0545 3000000 -0.0581 
14.0000 1.3843 0.0522 3000000 -0.0583 
14.3000 1.3887 0.0551 3000000 -0.0582 
14.4000 1.3944 0.0556 3000000 -0.0582 
14.5000 1.3985 0.0563 3000000 -0.0582 
14.6000 1.4071 0.0565 3000000 -0.0583 
14.7000 1.4119 0.0571 3000000 -0.0583 
14.8000 1.4157 0.0578 3000000 -0.0583 
14.9000 1.4242 0.0580 3000000 -0.0584 
15.0000 1.4302 0.0585 3000000 -0.0585 
