NACA63012A,        free transition row= 2112
-4.9000 -0.1617 0.0425 20000 -0.0219 
-4.8000 -0.1564 0.0420 20000 -0.0222 
-4.7000 -0.1511 0.0414 20000 -0.0223 
-4.6000 -0.1457 0.0409 20000 -0.0225 
-4.5000 -0.1402 0.0404 20000 -0.0227 
-4.4000 -0.1347 0.0400 20000 -0.0228 
-4.3000 -0.1292 0.0395 20000 -0.0230 
-4.2000 -0.1237 0.0391 20000 -0.0231 
-4.1000 -0.1181 0.0386 20000 -0.0232 
-4.0000 -0.1125 0.0382 20000 -0.0233 
-3.9000 -0.1069 0.0378 20000 -0.0233 
-3.8000 -0.1012 0.0374 20000 -0.0234 
-3.7000 -0.0956 0.0370 20000 -0.0234 
-3.6000 -0.0900 0.0367 20000 -0.0235 
-3.5000 -0.0844 0.0363 20000 -0.0235 
-3.4000 -0.0787 0.0360 20000 -0.0235 
-3.3000 -0.0731 0.0356 20000 -0.0234 
-3.2000 -0.0676 0.0353 20000 -0.0234 
-3.1000 -0.0621 0.0350 20000 -0.0233 
-3.0000 -0.0566 0.0347 20000 -0.0232 
-2.9000 -0.0512 0.0344 20000 -0.0231 
-2.8000 -0.0459 0.0342 20000 -0.0230 
-2.7000 -0.0406 0.0339 20000 -0.0228 
-2.6000 -0.0355 0.0336 20000 -0.0226 
-2.5000 -0.0305 0.0334 20000 -0.0224 
-2.4000 -0.0255 0.0332 20000 -0.0221 
-2.3000 -0.0208 0.0330 20000 -0.0219 
-2.2000 -0.0162 0.0328 20000 -0.0216 
1.0000 -0.0156 0.0312 20000 0.0135 
0.9000 -0.0155 0.0311 20000 0.0124 
1.1000 -0.0152 0.0312 20000 0.0146 
0.8000 -0.0150 0.0311 20000 0.0112 
1.2000 -0.0144 0.0313 20000 0.0156 
0.7000 -0.0142 0.0310 20000 0.0100 
1.3000 -0.0131 0.0314 20000 0.0165 
0.6000 -0.0129 0.0310 20000 0.0086 
-2.1000 -0.0117 0.0326 20000 -0.0212 
0.5000 -0.0113 0.0310 20000 0.0073 
1.4000 -0.0113 0.0315 20000 0.0173 
0.4000 -0.0094 0.0310 20000 0.0059 
1.5000 -0.0091 0.0316 20000 0.0180 
-2.0000 -0.0075 0.0324 20000 -0.0208 
0.3000 -0.0072 0.0310 20000 0.0044 
1.6000 -0.0064 0.0317 20000 0.0187 
0.2000 -0.0049 0.0310 20000 0.0030 
-1.9000 -0.0036 0.0322 20000 -0.0204 
1.7000 -0.0034 0.0319 20000 0.0193 
0.1000 -0.0025 0.0309 20000 0.0015 
0.0000 -0.0000 0.0309 20000 0.0000 
-1.8000 0.0001 0.0320 20000 -0.0199 
1.8000 0.0001 0.0320 20000 0.0198 
-0.1000 0.0025 0.0309 20000 -0.0015 
-1.7000 0.0035 0.0319 20000 -0.0193 
1.9000 0.0038 0.0322 20000 0.0203 
-0.2000 0.0049 0.0310 20000 -0.0030 
-1.6000 0.0065 0.0318 20000 -0.0187 
-0.3000 0.0072 0.0310 20000 -0.0044 
2.0000 0.0078 0.0323 20000 0.0208 
-1.5000 0.0092 0.0316 20000 -0.0180 
-0.4000 0.0094 0.0310 20000 -0.0059 
-0.5000 0.0113 0.0310 20000 -0.0073 
-1.4000 0.0114 0.0315 20000 -0.0173 
2.1000 0.0120 0.0325 20000 0.0212 
-0.6000 0.0129 0.0310 20000 -0.0086 
-1.3000 0.0132 0.0314 20000 -0.0165 
-0.7000 0.0142 0.0310 20000 -0.0100 
-1.2000 0.0145 0.0313 20000 -0.0156 
-0.8000 0.0150 0.0311 20000 -0.0112 
-1.1000 0.0153 0.0312 20000 -0.0146 
-0.9000 0.0155 0.0311 20000 -0.0124 
-1.0000 0.0156 0.0312 20000 -0.0135 
2.2000 0.0165 0.0327 20000 0.0215 
2.3000 0.0211 0.0329 20000 0.0218 
2.4000 0.0259 0.0331 20000 0.0221 
2.5000 0.0309 0.0334 20000 0.0223 
2.6000 0.0359 0.0336 20000 0.0226 
2.7000 0.0411 0.0339 20000 0.0227 
2.8000 0.0464 0.0341 20000 0.0229 
2.9000 0.0518 0.0344 20000 0.0230 
3.0000 0.0572 0.0347 20000 0.0231 
3.1000 0.0627 0.0350 20000 0.0232 
3.2000 0.0683 0.0353 20000 0.0233 
3.3000 0.0739 0.0356 20000 0.0233 
3.4000 0.0795 0.0359 20000 0.0233 
3.5000 0.0852 0.0363 20000 0.0234 
3.6000 0.0908 0.0366 20000 0.0233 
3.7000 0.0965 0.0370 20000 0.0233 
3.8000 0.1022 0.0374 20000 0.0233 
3.9000 0.1078 0.0377 20000 0.0232 
4.0000 0.1135 0.0382 20000 0.0231 
4.1000 0.1192 0.0386 20000 0.0230 
4.2000 0.1248 0.0390 20000 0.0229 
4.3000 0.1304 0.0394 20000 0.0228 
4.4000 0.1360 0.0399 20000 0.0227 
4.5000 0.1415 0.0404 20000 0.0225 
4.6000 0.1470 0.0409 20000 0.0223 
4.7000 0.1525 0.0414 20000 0.0221 
4.8000 0.1579 0.0419 20000 0.0219 
4.9000 0.1632 0.0424 20000 0.0217 
5.0000 0.1685 0.0430 20000 0.0215 
5.1000 0.1737 0.0436 20000 0.0212 
5.2000 0.1788 0.0442 20000 0.0209 
5.3000 0.1839 0.0448 20000 0.0206 
5.4000 0.1888 0.0454 20000 0.0203 
5.5000 0.1937 0.0461 20000 0.0200 
5.6000 0.1984 0.0468 20000 0.0196 
5.7000 0.2031 0.0475 20000 0.0193 
5.8000 0.2076 0.0482 20000 0.0189 
5.9000 0.2119 0.0490 20000 0.0184 
6.0000 0.2162 0.0498 20000 0.0180 
6.1000 0.2202 0.0506 20000 0.0175 
6.2000 0.2241 0.0514 20000 0.0170 
6.3000 0.2279 0.0523 20000 0.0165 
6.4000 0.2314 0.0533 20000 0.0159 
6.5000 0.2347 0.0542 20000 0.0153 
6.6000 0.2378 0.0552 20000 0.0147 
10.6000 0.4846 0.1351 20000 -0.0350 
10.5000 0.4848 0.1337 20000 -0.0346 
10.7000 0.4857 0.1366 20000 -0.0354 
10.4000 0.4874 0.1327 20000 -0.0344 
10.8000 0.4875 0.1381 20000 -0.0358 
10.9000 0.4895 0.1396 20000 -0.0362 
11.0000 0.4917 0.1411 20000 -0.0365 
11.1000 0.4943 0.1425 20000 -0.0369 
11.2000 0.4978 0.1441 20000 -0.0372 
11.3000 0.5032 0.1460 20000 -0.0377 
11.4000 0.5131 0.1488 20000 -0.0387 
12.0000 0.5269 0.1571 20000 -0.0395 
12.1000 0.5281 0.1576 20000 -0.0393 
11.9000 0.5325 0.1585 20000 -0.0404 
12.2000 0.5346 0.1595 20000 -0.0396 
11.8000 0.5433 0.1612 20000 -0.0419 
12.3000 0.5461 0.1628 20000 -0.0404 
11.7000 0.5534 0.1636 20000 -0.0433 
12.4000 0.5612 0.1676 20000 -0.0418 
11.6000 0.5624 0.1655 20000 -0.0444 
13.1000 0.5631 0.1733 20000 -0.0422 
13.2000 0.5645 0.1739 20000 -0.0422 
13.0000 0.5656 0.1740 20000 -0.0425 
13.3000 0.5682 0.1753 20000 -0.0425 
13.4000 0.5737 0.1771 20000 -0.0428 
12.9000 0.5755 0.1772 20000 -0.0437 
12.5000 0.5764 0.1733 20000 -0.0435 
9.8000 0.5795 0.1202 20000 -0.0140 
13.5000 0.5815 0.1798 20000 -0.0434 
9.9000 0.5867 0.1230 20000 -0.0146 
12.8000 0.5886 0.1813 20000 -0.0452 
13.6000 0.5926 0.1837 20000 -0.0442 
10.0000 0.5953 0.1260 20000 -0.0152 
12.6000 0.5981 0.1823 20000 -0.0461 
12.7000 0.6011 0.1850 20000 -0.0466 
14.3000 0.6014 0.1904 20000 -0.0455 
14.2000 0.6027 0.1910 20000 -0.0456 
14.4000 0.6038 0.1912 20000 -0.0456 
10.1000 0.6049 0.1293 20000 -0.0157 
14.5000 0.6091 0.1929 20000 -0.0459 
14.1000 0.6097 0.1939 20000 -0.0462 
13.7000 0.6104 0.1907 20000 -0.0457 
14.6000 0.6187 0.1962 20000 -0.0463 
14.0000 0.6207 0.1983 20000 -0.0471 
8.9000 0.6251 0.0990 20000 -0.0004 
8.8000 0.6252 0.0966 20000 0.0004 
9.0000 0.6255 0.1013 20000 -0.0011 
8.7000 0.6257 0.0943 20000 0.0012 
9.1000 0.6264 0.1037 20000 -0.0018 
8.6000 0.6268 0.0919 20000 0.0021 
9.2000 0.6274 0.1061 20000 -0.0024 
8.5000 0.6286 0.0895 20000 0.0030 
9.3000 0.6288 0.1085 20000 -0.0031 
9.4000 0.6306 0.1109 20000 -0.0037 
8.4000 0.6311 0.0871 20000 0.0038 
13.9000 0.6321 0.2026 20000 -0.0481 
9.5000 0.6324 0.1133 20000 -0.0043 
8.3000 0.6343 0.0848 20000 0.0046 
9.6000 0.6348 0.1158 20000 -0.0049 
8.2000 0.6381 0.0826 20000 0.0053 
8.1000 0.6421 0.0803 20000 0.0060 
13.8000 0.6438 0.2066 20000 -0.0492 
15.0000 0.6451 0.2102 20000 -0.0483 
8.0000 0.6463 0.0780 20000 0.0068 
7.9000 0.6507 0.0756 20000 0.0075 
14.9000 0.6549 0.2147 20000 -0.0489 
7.8000 0.6553 0.0733 20000 0.0081 
7.7000 0.6599 0.0711 20000 0.0087 
7.6000 0.6642 0.0688 20000 0.0093 
14.8000 0.6647 0.2188 20000 -0.0495 
7.5000 0.6682 0.0667 20000 0.0097 
7.4000 0.6714 0.0645 20000 0.0101 
7.3000 0.6742 0.0624 20000 0.0103 
7.2000 0.6764 0.0604 20000 0.0105 
7.1000 0.6779 0.0584 20000 0.0106 
7.0000 0.6787 0.0565 20000 0.0106 
6.9000 0.6788 0.0547 20000 0.0105 
-5.0000 -0.6000 0.0231 50000 0.0138 
-4.9000 -0.5911 0.0249 50000 0.0185 
-4.8000 -0.5867 0.0260 50000 0.0225 
-4.6000 -0.5423 0.0294 50000 0.0269 
-4.7000 -0.5375 0.0296 50000 0.0244 
-4.3000 -0.4672 0.0320 50000 0.0269 
-4.5000 -0.4616 0.0324 50000 0.0228 
-4.4000 -0.4532 0.0325 50000 0.0236 
-4.2000 -0.4025 0.0325 50000 0.0205 
-3.8000 -0.3717 0.0320 50000 0.0224 
-4.1000 -0.3684 0.0326 50000 0.0174 
-3.9000 -0.3597 0.0322 50000 0.0190 
-4.0000 -0.3580 0.0324 50000 0.0173 
-3.7000 -0.3224 0.0314 50000 0.0162 
-3.6000 -0.2926 0.0311 50000 0.0129 
-3.5000 -0.2735 0.0308 50000 0.0112 
-3.4000 -0.2619 0.0306 50000 0.0107 
-3.2000 -0.2578 0.0303 50000 0.0127 
-3.3000 -0.2564 0.0304 50000 0.0111 
-3.1000 -0.2468 0.0299 50000 0.0122 
-3.0000 -0.2151 0.0292 50000 0.0081 
-2.9000 -0.1893 0.0287 50000 0.0050 
-2.8000 -0.1696 0.0284 50000 0.0028 
-2.7000 -0.1547 0.0280 50000 0.0015 
-2.6000 -0.1435 0.0278 50000 0.0008 
-2.5000 -0.1353 0.0276 50000 0.0006 
-2.4000 -0.1298 0.0274 50000 0.0009 
-2.3000 -0.1282 0.0275 50000 0.0019 
-2.2000 -0.1049 0.0267 50000 -0.0011 
-2.1000 -0.0790 0.0261 50000 -0.0047 
-2.0000 -0.0554 0.0256 50000 -0.0078 
1.2000 -0.0552 0.0234 50000 0.0191 
1.1000 -0.0547 0.0233 50000 0.0181 
1.3000 -0.0542 0.0235 50000 0.0199 
1.0000 -0.0529 0.0233 50000 0.0168 
0.9000 -0.0501 0.0233 50000 0.0154 
0.8000 -0.0463 0.0234 50000 0.0139 
1.4000 -0.0442 0.0236 50000 0.0192 
0.7000 -0.0415 0.0234 50000 0.0123 
0.6000 -0.0362 0.0235 50000 0.0106 
-1.9000 -0.0345 0.0251 50000 -0.0104 
0.5000 -0.0305 0.0235 50000 0.0088 
1.5000 -0.0304 0.0239 50000 0.0177 
0.4000 -0.0246 0.0236 50000 0.0071 
0.3000 -0.0185 0.0236 50000 0.0053 
1.6000 -0.0161 0.0241 50000 0.0162 
-1.8000 -0.0159 0.0248 50000 -0.0127 
0.2000 -0.0124 0.0236 50000 0.0035 
0.1000 -0.0062 0.0236 50000 0.0018 
1.7000 -0.0008 0.0244 50000 0.0146 
0.0000 -0.0000 0.0236 50000 0.0000 
-1.7000 0.0008 0.0244 50000 -0.0146 
-0.1000 0.0062 0.0236 50000 -0.0018 
-0.2000 0.0124 0.0236 50000 -0.0035 
1.8000 0.0159 0.0247 50000 0.0127 
-1.6000 0.0160 0.0242 50000 -0.0162 
-0.3000 0.0185 0.0236 50000 -0.0053 
-0.4000 0.0245 0.0236 50000 -0.0071 
-1.5000 0.0304 0.0239 50000 -0.0177 
-0.5000 0.0305 0.0235 50000 -0.0088 
1.9000 0.0344 0.0251 50000 0.0104 
-0.6000 0.0362 0.0235 50000 -0.0106 
14.8000 0.0403 0.0000 50000 0.0048 
-0.7000 0.0415 0.0234 50000 -0.0123 
14.6000 0.0433 0.0000 50000 0.0049 
-1.4000 0.0442 0.0237 50000 -0.0191 
-0.8000 0.0462 0.0234 50000 -0.0139 
14.2000 0.0483 0.0000 50000 0.0050 
-0.9000 0.0501 0.0234 50000 -0.0154 
-1.0000 0.0529 0.0234 50000 -0.0168 
-1.3000 0.0542 0.0235 50000 -0.0199 
-1.1000 0.0547 0.0234 50000 -0.0181 
-1.2000 0.0552 0.0234 50000 -0.0191 
2.0000 0.0554 0.0255 50000 0.0078 
2.1000 0.0789 0.0260 50000 0.0047 
2.2000 0.1048 0.0267 50000 0.0012 
2.3000 0.1285 0.0274 50000 -0.0020 
2.4000 0.1302 0.0274 50000 -0.0010 
2.5000 0.1356 0.0275 50000 -0.0007 
2.6000 0.1439 0.0278 50000 -0.0009 
2.7000 0.1550 0.0280 50000 -0.0016 
2.8000 0.1699 0.0283 50000 -0.0029 
2.9000 0.1895 0.0287 50000 -0.0050 
3.0000 0.2152 0.0291 50000 -0.0081 
3.1000 0.2468 0.0298 50000 -0.0122 
3.3000 0.2571 0.0303 50000 -0.0112 
3.2000 0.2585 0.0302 50000 -0.0128 
3.4000 0.2625 0.0305 50000 -0.0108 
3.5000 0.2740 0.0308 50000 -0.0113 
3.6000 0.2930 0.0311 50000 -0.0129 
3.7000 0.3228 0.0314 50000 -0.0162 
4.0000 0.3588 0.0324 50000 -0.0175 
3.9000 0.3604 0.0322 50000 -0.0192 
4.1000 0.3692 0.0326 50000 -0.0175 
3.8000 0.3718 0.0320 50000 -0.0224 
4.2000 0.4033 0.0325 50000 -0.0206 
4.4000 0.4538 0.0324 50000 -0.0237 
4.5000 0.4623 0.0324 50000 -0.0229 
4.3000 0.4677 0.0320 50000 -0.0270 
4.7000 0.5376 0.0296 50000 -0.0244 
4.6000 0.5424 0.0294 50000 -0.0269 
10.4000 0.5738 0.1233 50000 -0.0166 
10.5000 0.5741 0.1250 50000 -0.0171 
10.6000 0.5750 0.1266 50000 -0.0175 
10.7000 0.5765 0.1281 50000 -0.0179 
10.8000 0.5784 0.1297 50000 -0.0182 
5.4000 0.5805 0.0244 50000 0.0039 
10.9000 0.5810 0.1312 50000 -0.0184 
5.5000 0.5825 0.0256 50000 0.0055 
11.0000 0.5842 0.1328 50000 -0.0187 
5.3000 0.5850 0.0227 50000 0.0014 
5.6000 0.5856 0.0266 50000 0.0067 
4.8000 0.5867 0.0260 50000 -0.0225 
11.1000 0.5883 0.1345 50000 -0.0188 
4.9000 0.5907 0.0250 50000 -0.0185 
11.2000 0.5932 0.1362 50000 -0.0189 
5.7000 0.5949 0.0279 50000 0.0074 
5.2000 0.5969 0.0213 50000 -0.0030 
11.3000 0.5993 0.1381 50000 -0.0188 
5.0000 0.5998 0.0231 50000 -0.0138 
12.4000 0.5998 0.1541 50000 -0.0235 
12.5000 0.5999 0.1551 50000 -0.0239 
12.6000 0.6013 0.1563 50000 -0.0242 
12.3000 0.6022 0.1535 50000 -0.0229 
5.1000 0.6025 0.0219 50000 -0.0089 
12.7000 0.6039 0.1576 50000 -0.0245 
5.8000 0.6052 0.0286 50000 0.0080 
10.3000 0.6063 0.1134 50000 -0.0046 
11.4000 0.6072 0.1402 50000 -0.0187 
12.8000 0.6076 0.1590 50000 -0.0246 
12.2000 0.6116 0.1545 50000 -0.0219 
12.9000 0.6128 0.1607 50000 -0.0245 
5.9000 0.6157 0.0293 50000 0.0086 
11.5000 0.6176 0.1427 50000 -0.0184 
13.6000 0.6224 0.1699 50000 -0.0264 
13.5000 0.6241 0.1698 50000 -0.0258 
6.0000 0.6256 0.0300 50000 0.0091 
13.7000 0.6262 0.1707 50000 -0.0262 
13.4000 0.6296 0.1703 50000 -0.0247 
11.6000 0.6317 0.1461 50000 -0.0178 
12.1000 0.6325 0.1583 50000 -0.0202 
13.8000 0.6351 0.1724 50000 -0.0254 
6.1000 0.6353 0.0307 50000 0.0095 
10.1000 0.6356 0.1026 50000 0.0061 
10.0000 0.6364 0.1000 50000 0.0068 
13.3000 0.6365 0.1711 50000 -0.0234 
10.2000 0.6366 0.1054 50000 0.0060 
9.9000 0.6387 0.0973 50000 0.0079 
9.8000 0.6425 0.0943 50000 0.0094 
13.2000 0.6439 0.1722 50000 -0.0220 
6.2000 0.6443 0.0314 50000 0.0100 
12.0000 0.6447 0.1602 50000 -0.0190 
13.9000 0.6461 0.1751 50000 -0.0245 
9.7000 0.6483 0.0910 50000 0.0114 
13.1000 0.6510 0.1733 50000 -0.0206 
11.9000 0.6530 0.1608 50000 -0.0180 
6.3000 0.6531 0.0322 50000 0.0104 
11.8000 0.6567 0.1605 50000 -0.0172 
9.6000 0.6569 0.0873 50000 0.0141 
13.0000 0.6572 0.1739 50000 -0.0194 
11.7000 0.6593 0.1598 50000 -0.0164 
6.4000 0.6620 0.0331 50000 0.0108 
14.0000 0.6653 0.1798 50000 -0.0224 
15.0000 0.6670 0.1986 50000 -0.0300 
9.5000 0.6682 0.0836 50000 0.0169 
6.5000 0.6712 0.0344 50000 0.0111 
14.9000 0.6717 0.2000 50000 -0.0286 
14.7000 0.6770 0.2011 50000 -0.0261 
14.3000 0.6773 0.1982 50000 -0.0225 
14.4000 0.6777 0.1993 50000 -0.0233 
14.5000 0.6780 0.2002 50000 -0.0242 
6.6000 0.6800 0.0359 50000 0.0114 
9.4000 0.6814 0.0801 50000 0.0195 
6.7000 0.6879 0.0375 50000 0.0119 
6.8000 0.6950 0.0390 50000 0.0124 
9.3000 0.6954 0.0770 50000 0.0215 
6.9000 0.7015 0.0405 50000 0.0129 
7.0000 0.7074 0.0419 50000 0.0135 
9.2000 0.7094 0.0742 50000 0.0228 
7.1000 0.7129 0.0434 50000 0.0141 
7.2000 0.7181 0.0447 50000 0.0148 
7.3000 0.7231 0.0461 50000 0.0154 
9.1000 0.7232 0.0719 50000 0.0234 
7.4000 0.7279 0.0474 50000 0.0160 
7.5000 0.7326 0.0486 50000 0.0166 
9.0000 0.7363 0.0696 50000 0.0236 
7.6000 0.7372 0.0498 50000 0.0173 
7.7000 0.7418 0.0510 50000 0.0179 
7.8000 0.7462 0.0521 50000 0.0185 
8.9000 0.7482 0.0674 50000 0.0238 
7.9000 0.7506 0.0532 50000 0.0191 
8.0000 0.7548 0.0543 50000 0.0197 
8.8000 0.7555 0.0653 50000 0.0237 
8.1000 0.7587 0.0554 50000 0.0202 
8.7000 0.7608 0.0633 50000 0.0235 
8.2000 0.7621 0.0565 50000 0.0208 
8.6000 0.7646 0.0616 50000 0.0231 
8.3000 0.7648 0.0576 50000 0.0214 
8.4000 0.7664 0.0588 50000 0.0220 
8.5000 0.7665 0.0601 50000 0.0226 
-4.5000 -0.5891 0.0149 100000 0.0170 
-4.6000 -0.5888 0.0148 100000 0.0137 
-4.7000 -0.5880 0.0152 100000 0.0113 
-4.4000 -0.5827 0.0150 100000 0.0181 
-4.8000 -0.5815 0.0166 100000 0.0089 
-5.0000 -0.5779 0.0191 100000 0.0048 
-4.9000 -0.5766 0.0182 100000 0.0066 
-4.3000 -0.5764 0.0152 100000 0.0196 
-4.2000 -0.5709 0.0154 100000 0.0207 
-4.1000 -0.5634 0.0155 100000 0.0220 
-4.0000 -0.5561 0.0157 100000 0.0232 
-3.9000 -0.5490 0.0158 100000 0.0241 
-3.8000 -0.5424 0.0159 100000 0.0250 
-3.7000 -0.5354 0.0160 100000 0.0258 
-3.6000 -0.5280 0.0161 100000 0.0272 
-3.5000 -0.5212 0.0164 100000 0.0285 
-3.4000 -0.5147 0.0165 100000 0.0297 
-3.3000 -0.5085 0.0167 100000 0.0306 
-3.2000 -0.5019 0.0167 100000 0.0315 
-3.1000 -0.4949 0.0168 100000 0.0328 
-3.0000 -0.4881 0.0170 100000 0.0341 
-2.9000 -0.4815 0.0171 100000 0.0353 
-2.8000 -0.4751 0.0172 100000 0.0362 
-2.7000 -0.4688 0.0173 100000 0.0369 
-2.6000 -0.4622 0.0172 100000 0.0376 
-2.5000 -0.4552 0.0172 100000 0.0386 
-2.4000 -0.4480 0.0173 100000 0.0395 
-2.3000 -0.4397 0.0174 100000 0.0402 
-2.2000 -0.4251 0.0175 100000 0.0396 
-2.1000 -0.4103 0.0176 100000 0.0388 
-2.0000 -0.3955 0.0177 100000 0.0378 
-1.9000 -0.3804 0.0178 100000 0.0366 
-1.8000 -0.3641 0.0178 100000 0.0353 
-1.7000 -0.3460 0.0178 100000 0.0339 
-1.6000 -0.3270 0.0179 100000 0.0323 
-1.5000 -0.3070 0.0180 100000 0.0304 
-1.4000 -0.2863 0.0181 100000 0.0284 
-1.3000 -0.2653 0.0183 100000 0.0264 
-1.2000 -0.2437 0.0185 100000 0.0242 
-1.1000 -0.2217 0.0186 100000 0.0219 
-1.0000 -0.1995 0.0188 100000 0.0195 
-0.9000 -0.1774 0.0190 100000 0.0170 
-0.8000 -0.1679 0.0190 100000 0.0170 
-0.7000 -0.1614 0.0189 100000 0.0175 
-0.6000 -0.1420 0.0189 100000 0.0157 
-0.5000 -0.1212 0.0189 100000 0.0136 
-0.4000 -0.0993 0.0189 100000 0.0113 
-0.3000 -0.0763 0.0189 100000 0.0088 
-0.2000 -0.0520 0.0189 100000 0.0061 
-0.1000 -0.0264 0.0189 100000 0.0031 
13.1000 -0.0117 0.0000 100000 0.0111 
13.2000 -0.0116 0.0000 100000 0.0110 
13.3000 -0.0116 0.0000 100000 0.0109 
13.0000 -0.0115 0.0000 100000 0.0111 
12.9000 -0.0114 0.0000 100000 0.0112 
13.4000 -0.0114 0.0000 100000 0.0109 
13.5000 -0.0112 0.0000 100000 0.0108 
13.6000 -0.0110 0.0000 100000 0.0108 
12.8000 -0.0108 0.0000 100000 0.0114 
13.7000 -0.0108 0.0000 100000 0.0107 
13.8000 -0.0104 0.0000 100000 0.0107 
13.9000 -0.0101 0.0000 100000 0.0106 
14.0000 -0.0097 0.0000 100000 0.0106 
0.0000 0.0000 0.0190 100000 -0.0000 
0.1000 0.0264 0.0189 100000 -0.0031 
0.2000 0.0520 0.0189 100000 -0.0061 
0.3000 0.0763 0.0189 100000 -0.0088 
0.4000 0.0993 0.0189 100000 -0.0113 
0.5000 0.1212 0.0189 100000 -0.0136 
0.6000 0.1420 0.0189 100000 -0.0157 
0.7000 0.1614 0.0189 100000 -0.0175 
0.8000 0.1679 0.0190 100000 -0.0170 
0.9000 0.1775 0.0190 100000 -0.0170 
1.0000 0.1996 0.0188 100000 -0.0195 
1.1000 0.2218 0.0186 100000 -0.0219 
1.2000 0.2438 0.0184 100000 -0.0242 
1.3000 0.2653 0.0183 100000 -0.0264 
1.4000 0.2864 0.0181 100000 -0.0284 
1.5000 0.3070 0.0180 100000 -0.0304 
1.6000 0.3270 0.0179 100000 -0.0323 
1.7000 0.3460 0.0178 100000 -0.0339 
1.8000 0.3641 0.0178 100000 -0.0353 
1.9000 0.3804 0.0178 100000 -0.0366 
2.0000 0.3954 0.0177 100000 -0.0378 
2.1000 0.4103 0.0176 100000 -0.0388 
2.2000 0.4251 0.0175 100000 -0.0396 
2.3000 0.4397 0.0174 100000 -0.0402 
2.4000 0.4477 0.0173 100000 -0.0395 
2.5000 0.4550 0.0172 100000 -0.0386 
2.6000 0.4619 0.0172 100000 -0.0375 
2.7000 0.4686 0.0173 100000 -0.0369 
2.8000 0.4748 0.0172 100000 -0.0362 
2.9000 0.4812 0.0171 100000 -0.0352 
3.0000 0.4879 0.0170 100000 -0.0341 
3.1000 0.4947 0.0168 100000 -0.0328 
3.2000 0.5016 0.0167 100000 -0.0315 
3.3000 0.5083 0.0166 100000 -0.0306 
3.4000 0.5145 0.0165 100000 -0.0296 
3.5000 0.5209 0.0164 100000 -0.0285 
3.6000 0.5278 0.0161 100000 -0.0271 
3.7000 0.5351 0.0160 100000 -0.0258 
3.8000 0.5421 0.0159 100000 -0.0249 
3.9000 0.5488 0.0158 100000 -0.0241 
4.0000 0.5559 0.0157 100000 -0.0231 
4.1000 0.5631 0.0155 100000 -0.0220 
4.2000 0.5707 0.0154 100000 -0.0207 
4.3000 0.5761 0.0152 100000 -0.0195 
4.9000 0.5766 0.0182 100000 -0.0066 
5.0000 0.5778 0.0191 100000 -0.0048 
5.1000 0.5812 0.0196 100000 -0.0036 
4.8000 0.5815 0.0166 100000 -0.0089 
4.4000 0.5825 0.0150 100000 -0.0180 
5.2000 0.5826 0.0204 100000 -0.0020 
4.7000 0.5878 0.0152 100000 -0.0113 
5.3000 0.5881 0.0209 100000 -0.0009 
4.6000 0.5886 0.0148 100000 -0.0136 
4.5000 0.5889 0.0149 100000 -0.0169 
5.4000 0.5941 0.0213 100000 0.0000 
5.5000 0.6003 0.0217 100000 0.0010 
5.6000 0.6068 0.0221 100000 0.0018 
5.7000 0.6137 0.0226 100000 0.0026 
5.8000 0.6209 0.0231 100000 0.0034 
5.9000 0.6285 0.0236 100000 0.0040 
11.9000 0.6345 0.1303 100000 -0.0077 
12.0000 0.6354 0.1318 100000 -0.0083 
6.0000 0.6363 0.0241 100000 0.0047 
12.1000 0.6374 0.1332 100000 -0.0087 
12.2000 0.6401 0.1344 100000 -0.0088 
12.3000 0.6440 0.1355 100000 -0.0086 
6.1000 0.6443 0.0246 100000 0.0053 
14.3000 0.6487 0.1735 100000 -0.0249 
14.4000 0.6489 0.1751 100000 -0.0259 
14.2000 0.6491 0.1721 100000 -0.0237 
12.4000 0.6492 0.1365 100000 -0.0079 
14.5000 0.6497 0.1766 100000 -0.0268 
14.1000 0.6505 0.1707 100000 -0.0221 
6.2000 0.6526 0.0252 100000 0.0059 
14.8000 0.6539 0.1814 100000 -0.0291 
11.8000 0.6553 0.1162 100000 0.0021 
12.5000 0.6554 0.1376 100000 -0.0069 
14.9000 0.6556 0.1830 100000 -0.0299 
15.0000 0.6575 0.1845 100000 -0.0305 
11.7000 0.6583 0.1134 100000 0.0029 
6.3000 0.6610 0.0258 100000 0.0064 
11.6000 0.6613 0.1106 100000 0.0041 
11.5000 0.6646 0.1077 100000 0.0054 
11.4000 0.6684 0.1047 100000 0.0069 
6.4000 0.6695 0.0265 100000 0.0069 
11.3000 0.6727 0.1014 100000 0.0087 
11.2000 0.6779 0.0980 100000 0.0107 
6.5000 0.6781 0.0272 100000 0.0074 
11.1000 0.6840 0.0945 100000 0.0128 
6.6000 0.6866 0.0279 100000 0.0080 
11.0000 0.6910 0.0911 100000 0.0150 
6.7000 0.6950 0.0286 100000 0.0085 
10.9000 0.6986 0.0877 100000 0.0173 
6.8000 0.7034 0.0294 100000 0.0090 
10.8000 0.7069 0.0845 100000 0.0194 
6.9000 0.7115 0.0302 100000 0.0096 
10.7000 0.7155 0.0814 100000 0.0215 
7.0000 0.7193 0.0311 100000 0.0102 
10.6000 0.7244 0.0786 100000 0.0233 
7.1000 0.7269 0.0320 100000 0.0108 
10.5000 0.7334 0.0760 100000 0.0249 
7.2000 0.7342 0.0329 100000 0.0115 
7.3000 0.7412 0.0340 100000 0.0121 
10.4000 0.7423 0.0735 100000 0.0262 
7.4000 0.7477 0.0350 100000 0.0129 
10.3000 0.7511 0.0713 100000 0.0272 
7.5000 0.7537 0.0362 100000 0.0136 
7.6000 0.7593 0.0373 100000 0.0144 
10.2000 0.7595 0.0693 100000 0.0279 
7.7000 0.7649 0.0383 100000 0.0151 
10.1000 0.7676 0.0673 100000 0.0283 
7.8000 0.7709 0.0391 100000 0.0156 
10.0000 0.7754 0.0656 100000 0.0284 
7.9000 0.7777 0.0396 100000 0.0160 
8.2000 0.7826 0.0451 100000 0.0172 
9.9000 0.7826 0.0639 100000 0.0282 
8.0000 0.7838 0.0401 100000 0.0163 
9.8000 0.7892 0.0624 100000 0.0279 
8.3000 0.7896 0.0434 100000 0.0180 
8.4000 0.7949 0.0439 100000 0.0187 
9.7000 0.7951 0.0609 100000 0.0273 
8.5000 0.7986 0.0450 100000 0.0194 
9.6000 0.8000 0.0594 100000 0.0266 
8.6000 0.8018 0.0461 100000 0.0201 
9.5000 0.8037 0.0579 100000 0.0261 
8.7000 0.8045 0.0473 100000 0.0208 
9.4000 0.8064 0.0564 100000 0.0255 
8.8000 0.8066 0.0485 100000 0.0214 
8.9000 0.8082 0.0497 100000 0.0221 
9.3000 0.8083 0.0550 100000 0.0248 
9.0000 0.8092 0.0509 100000 0.0228 
9.2000 0.8093 0.0536 100000 0.0242 
9.1000 0.8096 0.0522 100000 0.0235 
-5.0000 -0.5832 0.0178 150000 0.0067 
-4.5000 -0.5826 0.0129 150000 0.0145 
-4.9000 -0.5806 0.0172 150000 0.0081 
-4.4000 -0.5782 0.0125 150000 0.0155 
-4.8000 -0.5770 0.0167 150000 0.0093 
-4.6000 -0.5762 0.0146 150000 0.0124 
-4.7000 -0.5734 0.0162 150000 0.0106 
-4.3000 -0.5723 0.0124 150000 0.0164 
-4.2000 -0.5656 0.0124 150000 0.0171 
-4.1000 -0.5587 0.0123 150000 0.0180 
-4.0000 -0.5512 0.0124 150000 0.0186 
-3.9000 -0.5437 0.0124 150000 0.0195 
-3.8000 -0.5330 0.0125 150000 0.0196 
-3.7000 -0.5185 0.0127 150000 0.0189 
-3.6000 -0.5044 0.0127 150000 0.0184 
-3.5000 -0.4903 0.0127 150000 0.0179 
-3.4000 -0.4762 0.0129 150000 0.0174 
-3.3000 -0.4619 0.0130 150000 0.0167 
-3.2000 -0.4472 0.0132 150000 0.0160 
-3.1000 -0.4327 0.0132 150000 0.0155 
-3.0000 -0.4180 0.0133 150000 0.0151 
-2.9000 -0.4025 0.0135 150000 0.0144 
-2.8000 -0.3863 0.0137 150000 0.0135 
-2.7000 -0.3693 0.0138 150000 0.0123 
-2.6000 -0.3514 0.0140 150000 0.0108 
-2.5000 -0.3334 0.0139 150000 0.0095 
-2.4000 -0.3148 0.0141 150000 0.0081 
-2.3000 -0.3032 0.0141 150000 0.0082 
-2.2000 -0.2933 0.0141 150000 0.0087 
-2.1000 -0.2820 0.0141 150000 0.0088 
-2.0000 -0.2695 0.0141 150000 0.0085 
-1.9000 -0.2561 0.0141 150000 0.0081 
-1.8000 -0.2422 0.0141 150000 0.0074 
-1.7000 -0.2280 0.0140 150000 0.0067 
-1.6000 -0.2134 0.0140 150000 0.0059 
-1.5000 -0.1981 0.0139 150000 0.0050 
-1.4000 -0.1821 0.0138 150000 0.0040 
-1.3000 -0.1661 0.0138 150000 0.0032 
-1.2000 -0.1502 0.0138 150000 0.0024 
-1.1000 -0.1343 0.0139 150000 0.0016 
-1.0000 -0.1181 0.0140 150000 0.0007 
-0.9000 -0.1032 0.0140 150000 0.0000 
-0.8000 -0.0952 0.0140 150000 0.0007 
-0.7000 -0.0865 0.0140 150000 0.0012 
-0.6000 -0.0772 0.0140 150000 0.0015 
-0.5000 -0.0673 0.0140 150000 0.0017 
-0.4000 -0.0568 0.0140 150000 0.0018 
-0.3000 -0.0442 0.0139 150000 0.0016 
-0.2000 -0.0296 0.0138 150000 0.0010 
13.3000 -0.0212 0.0000 150000 0.0109 
13.4000 -0.0211 0.0000 150000 0.0107 
13.5000 -0.0210 0.0000 150000 0.0106 
13.2000 -0.0209 0.0000 150000 0.0111 
13.6000 -0.0208 0.0000 150000 0.0105 
13.1000 -0.0206 0.0000 150000 0.0113 
13.7000 -0.0206 0.0000 150000 0.0104 
13.8000 -0.0202 0.0000 150000 0.0103 
13.9000 -0.0198 0.0000 150000 0.0102 
13.0000 -0.0197 0.0000 150000 0.0115 
14.0000 -0.0194 0.0000 150000 0.0101 
12.9000 -0.0191 0.0000 150000 0.0116 
12.8000 -0.0181 0.0000 150000 0.0117 
12.7000 -0.0174 0.0000 150000 0.0117 
12.6000 -0.0168 0.0000 150000 0.0118 
12.5000 -0.0164 0.0000 150000 0.0119 
12.4000 -0.0159 0.0000 150000 0.0119 
12.3000 -0.0154 0.0000 150000 0.0120 
12.2000 -0.0148 0.0000 150000 0.0120 
-0.1000 -0.0146 0.0137 150000 0.0005 
14.7000 -0.0145 0.0000 150000 0.0096 
0.0000 0.0000 0.0137 150000 0.0000 
0.1000 0.0147 0.0137 150000 -0.0005 
0.2000 0.0296 0.0138 150000 -0.0010 
0.3000 0.0442 0.0139 150000 -0.0016 
0.4000 0.0568 0.0140 150000 -0.0018 
0.5000 0.0672 0.0140 150000 -0.0017 
0.6000 0.0772 0.0140 150000 -0.0015 
0.7000 0.0865 0.0140 150000 -0.0012 
0.8000 0.0951 0.0140 150000 -0.0007 
0.9000 0.1032 0.0140 150000 -0.0000 
1.0000 0.1181 0.0139 150000 -0.0007 
1.1000 0.1343 0.0139 150000 -0.0016 
1.2000 0.1502 0.0138 150000 -0.0024 
1.3000 0.1661 0.0138 150000 -0.0032 
1.4000 0.1821 0.0138 150000 -0.0040 
1.5000 0.1981 0.0139 150000 -0.0050 
1.6000 0.2134 0.0140 150000 -0.0059 
1.7000 0.2280 0.0140 150000 -0.0067 
1.8000 0.2422 0.0141 150000 -0.0074 
1.9000 0.2561 0.0141 150000 -0.0080 
2.0000 0.2694 0.0141 150000 -0.0085 
2.1000 0.2819 0.0141 150000 -0.0087 
2.2000 0.2933 0.0141 150000 -0.0087 
2.3000 0.3031 0.0141 150000 -0.0082 
2.4000 0.3149 0.0141 150000 -0.0081 
2.5000 0.3334 0.0139 150000 -0.0095 
2.6000 0.3514 0.0140 150000 -0.0108 
2.7000 0.3693 0.0138 150000 -0.0123 
2.8000 0.3863 0.0136 150000 -0.0135 
2.9000 0.4025 0.0135 150000 -0.0144 
3.0000 0.4180 0.0133 150000 -0.0151 
3.1000 0.4327 0.0132 150000 -0.0155 
3.2000 0.4472 0.0131 150000 -0.0160 
3.3000 0.4619 0.0130 150000 -0.0168 
3.4000 0.4762 0.0129 150000 -0.0174 
3.5000 0.4903 0.0127 150000 -0.0179 
3.6000 0.5044 0.0127 150000 -0.0184 
3.7000 0.5184 0.0127 150000 -0.0189 
3.8000 0.5329 0.0125 150000 -0.0196 
3.9000 0.5435 0.0124 150000 -0.0194 
4.0000 0.5509 0.0124 150000 -0.0186 
4.1000 0.5584 0.0123 150000 -0.0180 
4.2000 0.5653 0.0123 150000 -0.0171 
4.3000 0.5722 0.0124 150000 -0.0164 
4.7000 0.5733 0.0161 150000 -0.0106 
4.6000 0.5760 0.0146 150000 -0.0123 
4.8000 0.5768 0.0167 150000 -0.0093 
4.4000 0.5780 0.0125 150000 -0.0155 
4.9000 0.5804 0.0172 150000 -0.0081 
4.5000 0.5824 0.0129 150000 -0.0144 
5.0000 0.5830 0.0178 150000 -0.0066 
5.1000 0.5851 0.0185 150000 -0.0051 
5.2000 0.5900 0.0188 150000 -0.0041 
5.3000 0.5958 0.0191 150000 -0.0032 
5.4000 0.6018 0.0195 150000 -0.0023 
5.5000 0.6079 0.0198 150000 -0.0014 
5.6000 0.6142 0.0202 150000 -0.0005 
5.7000 0.6208 0.0206 150000 0.0003 
5.8000 0.6278 0.0210 150000 0.0010 
5.9000 0.6349 0.0215 150000 0.0017 
6.0000 0.6424 0.0219 150000 0.0024 
6.1000 0.6500 0.0224 150000 0.0031 
14.1000 0.6518 0.1702 150000 -0.0192 
14.2000 0.6532 0.1721 150000 -0.0201 
6.2000 0.6578 0.0230 150000 0.0037 
14.9000 0.6644 0.1838 150000 -0.0261 
6.3000 0.6657 0.0236 150000 0.0043 
15.0000 0.6663 0.1852 150000 -0.0270 
6.4000 0.6737 0.0242 150000 0.0049 
6.5000 0.6816 0.0248 150000 0.0055 
6.6000 0.6896 0.0255 150000 0.0061 
12.0000 0.6930 0.1048 150000 0.0049 
11.9000 0.6961 0.1009 150000 0.0074 
6.7000 0.6974 0.0262 150000 0.0067 
11.8000 0.6992 0.0977 150000 0.0096 
11.7000 0.7026 0.0948 150000 0.0117 
6.8000 0.7051 0.0269 150000 0.0073 
11.6000 0.7063 0.0920 150000 0.0137 
11.5000 0.7104 0.0893 150000 0.0156 
6.9000 0.7128 0.0276 150000 0.0079 
11.4000 0.7148 0.0868 150000 0.0174 
11.3000 0.7195 0.0844 150000 0.0191 
7.0000 0.7203 0.0282 150000 0.0085 
11.2000 0.7247 0.0821 150000 0.0207 
7.1000 0.7277 0.0287 150000 0.0090 
11.1000 0.7298 0.0800 150000 0.0221 
7.2000 0.7351 0.0292 150000 0.0096 
11.0000 0.7353 0.0778 150000 0.0235 
10.9000 0.7404 0.0758 150000 0.0247 
7.3000 0.7425 0.0296 150000 0.0101 
10.8000 0.7461 0.0739 150000 0.0257 
7.4000 0.7498 0.0301 150000 0.0106 
10.7000 0.7524 0.0719 150000 0.0266 
7.5000 0.7570 0.0305 150000 0.0112 
10.6000 0.7583 0.0702 150000 0.0273 
7.6000 0.7642 0.0309 150000 0.0116 
10.5000 0.7646 0.0684 150000 0.0278 
7.7000 0.7713 0.0313 150000 0.0121 
10.4000 0.7713 0.0667 150000 0.0281 
10.3000 0.7777 0.0651 150000 0.0283 
7.8000 0.7785 0.0318 150000 0.0125 
10.2000 0.7845 0.0635 150000 0.0282 
7.9000 0.7851 0.0319 150000 0.0130 
10.1000 0.7914 0.0619 150000 0.0279 
8.0000 0.7918 0.0325 150000 0.0135 
8.1000 0.7982 0.0332 150000 0.0140 
10.0000 0.7983 0.0603 150000 0.0274 
8.2000 0.8045 0.0339 150000 0.0146 
9.9000 0.8048 0.0587 150000 0.0267 
8.3000 0.8107 0.0346 150000 0.0151 
9.8000 0.8116 0.0571 150000 0.0259 
8.4000 0.8166 0.0353 150000 0.0156 
9.7000 0.8178 0.0552 150000 0.0251 
8.5000 0.8222 0.0361 150000 0.0162 
9.6000 0.8234 0.0533 150000 0.0243 
8.6000 0.8275 0.0369 150000 0.0167 
9.5000 0.8289 0.0513 150000 0.0235 
8.7000 0.8323 0.0379 150000 0.0172 
9.4000 0.8336 0.0492 150000 0.0226 
8.8000 0.8363 0.0389 150000 0.0178 
9.3000 0.8374 0.0471 150000 0.0217 
8.9000 0.8394 0.0401 150000 0.0185 
9.2000 0.8401 0.0451 150000 0.0209 
9.0000 0.8412 0.0416 150000 0.0192 
9.1000 0.8414 0.0432 150000 0.0200 
-5.0000 -0.5955 0.0164 200000 0.0091 
-4.9000 -0.5903 0.0161 200000 0.0100 
-4.8000 -0.5849 0.0159 200000 0.0109 
-4.7000 -0.5793 0.0156 200000 0.0118 
-4.5000 -0.5678 0.0127 200000 0.0124 
-4.4000 -0.5577 0.0119 200000 0.0119 
-4.3000 -0.5463 0.0115 200000 0.0113 
-4.2000 -0.5336 0.0112 200000 0.0108 
-4.1000 -0.5203 0.0110 200000 0.0102 
-4.0000 -0.5063 0.0110 200000 0.0095 
-3.9000 -0.4929 0.0109 200000 0.0091 
-3.8000 -0.4778 0.0110 200000 0.0082 
-3.7000 -0.4631 0.0110 200000 0.0076 
-3.6000 -0.4474 0.0111 200000 0.0067 
-3.5000 -0.4308 0.0111 200000 0.0055 
-3.4000 -0.4139 0.0112 200000 0.0043 
-3.3000 -0.3973 0.0112 200000 0.0033 
-3.2000 -0.3805 0.0113 200000 0.0022 
-3.1000 -0.3657 0.0115 200000 0.0016 
-3.0000 -0.3565 0.0115 200000 0.0021 
-2.9000 -0.3462 0.0115 200000 0.0024 
-2.8000 -0.3345 0.0115 200000 0.0023 
-2.7000 -0.3217 0.0114 200000 0.0022 
-2.6000 -0.3084 0.0114 200000 0.0019 
-2.5000 -0.2948 0.0114 200000 0.0016 
-2.4000 -0.2809 0.0114 200000 0.0011 
-2.3000 -0.2669 0.0114 200000 0.0007 
-2.2000 -0.2532 0.0114 200000 0.0002 
-2.1000 -0.2393 0.0114 200000 -0.0002 
-2.0000 -0.2253 0.0115 200000 -0.0008 
-1.9000 -0.2109 0.0114 200000 -0.0015 
-1.8000 -0.1963 0.0113 200000 -0.0021 
-1.7000 -0.1837 0.0113 200000 -0.0024 
-1.6000 -0.1742 0.0113 200000 -0.0020 
-1.5000 -0.1642 0.0112 200000 -0.0017 
-1.4000 -0.1538 0.0112 200000 -0.0015 
-1.3000 -0.1429 0.0112 200000 -0.0014 
-1.2000 -0.1319 0.0112 200000 -0.0013 
-1.1000 -0.1207 0.0112 200000 -0.0013 
-1.0000 -0.1096 0.0112 200000 -0.0012 
-0.9000 -0.0986 0.0111 200000 -0.0011 
-0.8000 -0.0873 0.0111 200000 -0.0010 
-0.7000 -0.0759 0.0111 200000 -0.0010 
-0.6000 -0.0634 0.0110 200000 -0.0012 
-0.5000 -0.0512 0.0111 200000 -0.0013 
-0.4000 -0.0412 0.0110 200000 -0.0010 
-0.3000 -0.0311 0.0110 200000 -0.0007 
-0.2000 -0.0209 0.0110 200000 -0.0004 
14.0000 -0.0197 0.0000 200000 0.0099 
13.9000 -0.0195 0.0000 200000 0.0100 
13.8000 -0.0194 0.0000 200000 0.0101 
13.7000 -0.0192 0.0000 200000 0.0103 
13.6000 -0.0188 0.0000 200000 0.0104 
13.5000 -0.0184 0.0000 200000 0.0105 
13.4000 -0.0179 0.0000 200000 0.0106 
13.3000 -0.0177 0.0000 200000 0.0107 
13.2000 -0.0171 0.0000 200000 0.0107 
13.1000 -0.0170 0.0000 200000 0.0108 
-0.1000 -0.0105 0.0110 200000 -0.0002 
0.0000 -0.0000 0.0110 200000 0.0000 
0.1000 0.0105 0.0110 200000 0.0002 
0.2000 0.0209 0.0110 200000 0.0004 
0.3000 0.0311 0.0110 200000 0.0007 
0.4000 0.0412 0.0110 200000 0.0010 
0.5000 0.0512 0.0111 200000 0.0013 
0.6000 0.0634 0.0110 200000 0.0012 
0.7000 0.0759 0.0111 200000 0.0010 
0.8000 0.0873 0.0111 200000 0.0010 
0.9000 0.0986 0.0111 200000 0.0011 
1.0000 0.1096 0.0112 200000 0.0012 
1.1000 0.1207 0.0112 200000 0.0013 
1.2000 0.1319 0.0112 200000 0.0013 
1.3000 0.1429 0.0112 200000 0.0014 
1.4000 0.1538 0.0112 200000 0.0015 
1.5000 0.1642 0.0112 200000 0.0017 
1.6000 0.1742 0.0113 200000 0.0020 
1.7000 0.1837 0.0113 200000 0.0024 
1.8000 0.1963 0.0113 200000 0.0021 
1.9000 0.2109 0.0114 200000 0.0015 
2.0000 0.2253 0.0115 200000 0.0008 
2.1000 0.2393 0.0114 200000 0.0002 
2.2000 0.2531 0.0114 200000 -0.0002 
2.3000 0.2669 0.0114 200000 -0.0007 
2.4000 0.2808 0.0114 200000 -0.0011 
2.5000 0.2948 0.0114 200000 -0.0016 
2.6000 0.3084 0.0114 200000 -0.0019 
2.7000 0.3216 0.0114 200000 -0.0021 
2.8000 0.3344 0.0115 200000 -0.0023 
2.9000 0.3462 0.0115 200000 -0.0024 
3.0000 0.3565 0.0115 200000 -0.0021 
3.1000 0.3656 0.0115 200000 -0.0016 
3.2000 0.3805 0.0113 200000 -0.0023 
3.3000 0.3974 0.0112 200000 -0.0033 
3.4000 0.4140 0.0112 200000 -0.0043 
3.5000 0.4309 0.0111 200000 -0.0056 
3.6000 0.4474 0.0110 200000 -0.0067 
3.7000 0.4631 0.0110 200000 -0.0076 
3.8000 0.4778 0.0110 200000 -0.0082 
3.9000 0.4929 0.0109 200000 -0.0091 
4.0000 0.5063 0.0110 200000 -0.0095 
4.1000 0.5203 0.0110 200000 -0.0102 
4.2000 0.5336 0.0112 200000 -0.0108 
4.3000 0.5463 0.0114 200000 -0.0114 
4.4000 0.5577 0.0119 200000 -0.0119 
4.5000 0.5678 0.0127 200000 -0.0124 
4.7000 0.5790 0.0156 200000 -0.0118 
4.8000 0.5846 0.0159 200000 -0.0109 
4.9000 0.5900 0.0161 200000 -0.0100 
5.0000 0.5952 0.0164 200000 -0.0091 
5.1000 0.6003 0.0166 200000 -0.0081 
5.2000 0.6053 0.0169 200000 -0.0071 
5.3000 0.6103 0.0172 200000 -0.0061 
5.4000 0.6155 0.0175 200000 -0.0050 
5.5000 0.6208 0.0178 200000 -0.0041 
5.6000 0.6263 0.0182 200000 -0.0031 
5.7000 0.6321 0.0185 200000 -0.0022 
5.8000 0.6381 0.0188 200000 -0.0013 
5.9000 0.6444 0.0192 200000 -0.0004 
6.0000 0.6509 0.0196 200000 0.0004 
12.8000 0.6509 0.1335 200000 -0.0109 
14.1000 0.6529 0.1645 200000 -0.0245 
14.2000 0.6541 0.1662 200000 -0.0251 
14.3000 0.6554 0.1679 200000 -0.0258 
12.7000 0.6561 0.1302 200000 -0.0098 
14.4000 0.6568 0.1695 200000 -0.0265 
6.1000 0.6577 0.0201 200000 0.0012 
14.6000 0.6599 0.1728 200000 -0.0278 
12.6000 0.6601 0.1273 200000 -0.0086 
14.7000 0.6615 0.1745 200000 -0.0284 
12.5000 0.6640 0.1243 200000 -0.0074 
6.2000 0.6648 0.0205 200000 0.0019 
14.9000 0.6652 0.1777 200000 -0.0296 
15.0000 0.6672 0.1793 200000 -0.0302 
12.4000 0.6679 0.1214 200000 -0.0062 
6.3000 0.6721 0.0210 200000 0.0026 
12.3000 0.6721 0.1183 200000 -0.0049 
12.2000 0.6767 0.1152 200000 -0.0035 
6.4000 0.6795 0.0215 200000 0.0033 
12.1000 0.6816 0.1119 200000 -0.0019 
6.5000 0.6869 0.0219 200000 0.0039 
12.0000 0.6873 0.1082 200000 -0.0001 
11.9000 0.6941 0.1042 200000 0.0020 
6.6000 0.6944 0.0223 200000 0.0045 
6.7000 0.7017 0.0226 200000 0.0051 
11.8000 0.7029 0.0991 200000 0.0049 
6.8000 0.7090 0.0229 200000 0.0057 
11.7000 0.7154 0.0926 200000 0.0090 
6.9000 0.7163 0.0233 200000 0.0062 
7.0000 0.7235 0.0236 200000 0.0068 
11.6000 0.7280 0.0873 200000 0.0128 
7.1000 0.7306 0.0239 200000 0.0073 
7.2000 0.7377 0.0243 200000 0.0078 
11.5000 0.7402 0.0827 200000 0.0161 
7.3000 0.7447 0.0248 200000 0.0083 
7.4000 0.7517 0.0255 200000 0.0088 
11.4000 0.7518 0.0788 200000 0.0190 
7.5000 0.7588 0.0263 200000 0.0094 
11.3000 0.7628 0.0753 200000 0.0214 
7.6000 0.7661 0.0270 200000 0.0099 
7.7000 0.7732 0.0278 200000 0.0105 
11.2000 0.7733 0.0722 200000 0.0235 
7.8000 0.7771 0.0297 200000 0.0113 
7.9000 0.7812 0.0314 200000 0.0121 
11.1000 0.7833 0.0693 200000 0.0252 
8.0000 0.7848 0.0330 200000 0.0129 
8.1000 0.7873 0.0348 200000 0.0138 
8.2000 0.7886 0.0367 200000 0.0148 
8.3000 0.7920 0.0378 200000 0.0156 
11.0000 0.7930 0.0667 200000 0.0265 
8.4000 0.8021 0.0371 200000 0.0158 
10.9000 0.8023 0.0644 200000 0.0276 
8.5000 0.8100 0.0371 200000 0.0162 
10.8000 0.8114 0.0622 200000 0.0282 
8.6000 0.8173 0.0374 200000 0.0166 
10.7000 0.8201 0.0602 200000 0.0287 
8.7000 0.8241 0.0377 200000 0.0170 
10.6000 0.8283 0.0582 200000 0.0288 
8.8000 0.8306 0.0382 200000 0.0175 
10.5000 0.8361 0.0565 200000 0.0287 
8.9000 0.8366 0.0387 200000 0.0180 
9.0000 0.8423 0.0393 200000 0.0185 
10.4000 0.8435 0.0549 200000 0.0283 
9.1000 0.8476 0.0399 200000 0.0190 
10.3000 0.8501 0.0533 200000 0.0277 
9.2000 0.8524 0.0406 200000 0.0196 
10.2000 0.8557 0.0518 200000 0.0269 
9.3000 0.8566 0.0414 200000 0.0202 
9.4000 0.8602 0.0423 200000 0.0208 
10.1000 0.8603 0.0504 200000 0.0260 
9.5000 0.8631 0.0432 200000 0.0214 
10.0000 0.8640 0.0491 200000 0.0251 
9.6000 0.8653 0.0442 200000 0.0221 
9.9000 0.8659 0.0478 200000 0.0243 
9.7000 0.8665 0.0453 200000 0.0228 
9.8000 0.8667 0.0465 200000 0.0236 
-5.0000 -0.5944 0.0152 250000 0.0090 
-4.9000 -0.5804 0.0149 250000 0.0082 
-4.8000 -0.5664 0.0145 250000 0.0075 
-4.7000 -0.5563 0.0133 250000 0.0076 
-4.6000 -0.5455 0.0125 250000 0.0070 
-4.5000 -0.5344 0.0118 250000 0.0062 
-4.4000 -0.5233 0.0111 250000 0.0055 
-4.3000 -0.5113 0.0107 250000 0.0049 
-4.2000 -0.4980 0.0104 250000 0.0041 
-4.1000 -0.4841 0.0102 250000 0.0033 
-4.0000 -0.4694 0.0100 250000 0.0025 
-3.9000 -0.4535 0.0100 250000 0.0014 
-3.8000 -0.4379 0.0099 250000 0.0004 
-3.7000 -0.4217 0.0099 250000 -0.0006 
-3.6000 -0.4057 0.0100 250000 -0.0017 
-3.5000 -0.3966 0.0099 250000 -0.0012 
-3.4000 -0.3865 0.0098 250000 -0.0009 
-3.3000 -0.3756 0.0098 250000 -0.0008 
-3.2000 -0.3640 0.0099 250000 -0.0008 
-3.1000 -0.3518 0.0099 250000 -0.0009 
-3.0000 -0.3393 0.0098 250000 -0.0010 
-2.9000 -0.3266 0.0098 250000 -0.0011 
-2.8000 -0.3136 0.0098 250000 -0.0013 
-2.7000 -0.3000 0.0098 250000 -0.0017 
-2.6000 -0.2865 0.0098 250000 -0.0021 
-2.5000 -0.2729 0.0099 250000 -0.0025 
-2.4000 -0.2590 0.0098 250000 -0.0031 
-2.3000 -0.2453 0.0098 250000 -0.0035 
-2.2000 -0.2354 0.0097 250000 -0.0032 
-2.1000 -0.2256 0.0097 250000 -0.0028 
-2.0000 -0.2156 0.0097 250000 -0.0025 
-1.9000 -0.2052 0.0097 250000 -0.0023 
-1.8000 -0.1945 0.0097 250000 -0.0021 
-1.7000 -0.1838 0.0097 250000 -0.0019 
-1.6000 -0.1728 0.0097 250000 -0.0019 
-1.5000 -0.1617 0.0097 250000 -0.0018 
-1.4000 -0.1504 0.0097 250000 -0.0018 
-1.3000 -0.1387 0.0096 250000 -0.0019 
-1.2000 -0.1268 0.0095 250000 -0.0020 
-1.1000 -0.1149 0.0096 250000 -0.0021 
-1.0000 -0.1046 0.0095 250000 -0.0019 
-0.9000 -0.0945 0.0095 250000 -0.0017 
-0.8000 -0.0844 0.0095 250000 -0.0014 
-0.7000 -0.0743 0.0095 250000 -0.0011 
-0.6000 -0.0640 0.0095 250000 -0.0008 
-0.5000 -0.0537 0.0095 250000 -0.0006 
-0.4000 -0.0433 0.0095 250000 -0.0004 
-0.3000 -0.0329 0.0095 250000 -0.0002 
-0.2000 -0.0223 0.0095 250000 -0.0000 
-0.1000 -0.0116 0.0095 250000 0.0001 
0.0000 0.0000 0.0095 250000 0.0000 
0.1000 0.0116 0.0095 250000 -0.0001 
0.2000 0.0223 0.0095 250000 0.0000 
0.3000 0.0329 0.0095 250000 0.0002 
0.4000 0.0433 0.0095 250000 0.0004 
0.5000 0.0537 0.0095 250000 0.0006 
0.6000 0.0640 0.0095 250000 0.0008 
0.7000 0.0743 0.0095 250000 0.0011 
0.8000 0.0844 0.0095 250000 0.0014 
0.9000 0.0945 0.0095 250000 0.0017 
1.0000 0.1046 0.0095 250000 0.0019 
1.1000 0.1149 0.0096 250000 0.0021 
1.2000 0.1268 0.0095 250000 0.0020 
1.3000 0.1387 0.0096 250000 0.0019 
1.4000 0.1504 0.0097 250000 0.0018 
1.5000 0.1617 0.0097 250000 0.0018 
1.6000 0.1728 0.0097 250000 0.0019 
1.7000 0.1838 0.0097 250000 0.0019 
1.8000 0.1945 0.0097 250000 0.0021 
1.9000 0.2051 0.0097 250000 0.0023 
2.0000 0.2155 0.0097 250000 0.0025 
2.1000 0.2256 0.0097 250000 0.0028 
2.2000 0.2354 0.0097 250000 0.0032 
2.3000 0.2453 0.0098 250000 0.0035 
2.4000 0.2590 0.0098 250000 0.0031 
2.5000 0.2729 0.0099 250000 0.0025 
2.6000 0.2865 0.0098 250000 0.0021 
2.7000 0.3000 0.0098 250000 0.0017 
2.8000 0.3136 0.0098 250000 0.0013 
2.9000 0.3266 0.0098 250000 0.0011 
3.0000 0.3393 0.0098 250000 0.0010 
3.1000 0.3518 0.0099 250000 0.0009 
3.2000 0.3640 0.0099 250000 0.0008 
3.3000 0.3756 0.0098 250000 0.0008 
3.4000 0.3865 0.0098 250000 0.0009 
3.5000 0.3965 0.0099 250000 0.0013 
3.6000 0.4057 0.0100 250000 0.0017 
3.7000 0.4218 0.0099 250000 0.0006 
3.8000 0.4379 0.0099 250000 -0.0004 
3.9000 0.4535 0.0100 250000 -0.0014 
4.0000 0.4694 0.0100 250000 -0.0025 
4.1000 0.4841 0.0102 250000 -0.0033 
4.2000 0.4980 0.0104 250000 -0.0041 
4.3000 0.5114 0.0107 250000 -0.0049 
4.4000 0.5233 0.0111 250000 -0.0056 
4.5000 0.5345 0.0118 250000 -0.0063 
4.6000 0.5455 0.0125 250000 -0.0070 
4.7000 0.5564 0.0133 250000 -0.0076 
4.8000 0.5665 0.0145 250000 -0.0076 
4.9000 0.5805 0.0149 250000 -0.0083 
5.0000 0.5945 0.0152 250000 -0.0090 
5.1000 0.6083 0.0156 250000 -0.0097 
5.2000 0.6163 0.0158 250000 -0.0093 
5.3000 0.6212 0.0161 250000 -0.0083 
5.4000 0.6260 0.0164 250000 -0.0073 
5.5000 0.6309 0.0166 250000 -0.0062 
5.6000 0.6361 0.0169 250000 -0.0053 
5.7000 0.6413 0.0172 250000 -0.0042 
14.2000 0.6440 0.1680 250000 -0.0220 
5.8000 0.6466 0.0175 250000 -0.0033 
14.4000 0.6469 0.1719 250000 -0.0235 
14.6000 0.6500 0.1757 250000 -0.0249 
5.9000 0.6522 0.0178 250000 -0.0023 
13.0000 0.6573 0.1370 250000 -0.0134 
6.0000 0.6580 0.0181 250000 -0.0014 
12.9000 0.6620 0.1339 250000 -0.0123 
6.1000 0.6640 0.0185 250000 -0.0006 
12.8000 0.6663 0.1308 250000 -0.0111 
6.2000 0.6701 0.0188 250000 0.0003 
12.7000 0.6710 0.1275 250000 -0.0098 
6.3000 0.6763 0.0192 250000 0.0011 
12.6000 0.6767 0.1240 250000 -0.0083 
6.4000 0.6826 0.0197 250000 0.0019 
12.5000 0.6841 0.1199 250000 -0.0066 
6.5000 0.6888 0.0203 250000 0.0027 
6.6000 0.6951 0.0210 250000 0.0034 
6.7000 0.7014 0.0220 250000 0.0042 
6.8000 0.7075 0.0232 250000 0.0049 
6.9000 0.7132 0.0247 250000 0.0057 
7.0000 0.7193 0.0256 250000 0.0064 
7.1000 0.7269 0.0258 250000 0.0070 
7.2000 0.7341 0.0262 250000 0.0076 
7.3000 0.7413 0.0266 250000 0.0081 
7.4000 0.7486 0.0271 250000 0.0087 
7.5000 0.7558 0.0276 250000 0.0093 
7.6000 0.7630 0.0280 250000 0.0098 
7.7000 0.7702 0.0285 250000 0.0103 
12.4000 0.7776 0.0868 250000 0.0114 
7.8000 0.7801 0.0279 250000 0.0106 
7.9000 0.7878 0.0282 250000 0.0110 
12.3000 0.7910 0.0819 250000 0.0150 
8.0000 0.7952 0.0286 250000 0.0115 
12.2000 0.8010 0.0782 250000 0.0177 
8.1000 0.8026 0.0291 250000 0.0120 
12.1000 0.8096 0.0751 250000 0.0198 
8.2000 0.8098 0.0296 250000 0.0124 
8.3000 0.8170 0.0301 250000 0.0129 
12.0000 0.8178 0.0722 250000 0.0217 
8.4000 0.8240 0.0306 250000 0.0134 
11.9000 0.8254 0.0697 250000 0.0232 
8.5000 0.8310 0.0311 250000 0.0139 
11.8000 0.8328 0.0673 250000 0.0246 
8.6000 0.8379 0.0316 250000 0.0143 
11.7000 0.8396 0.0650 250000 0.0258 
8.7000 0.8447 0.0321 250000 0.0148 
11.6000 0.8461 0.0630 250000 0.0268 
8.8000 0.8514 0.0326 250000 0.0152 
11.5000 0.8529 0.0609 250000 0.0276 
8.9000 0.8580 0.0331 250000 0.0157 
11.4000 0.8594 0.0590 250000 0.0281 
9.0000 0.8645 0.0336 250000 0.0161 
11.3000 0.8660 0.0572 250000 0.0285 
9.1000 0.8711 0.0341 250000 0.0165 
11.2000 0.8727 0.0555 250000 0.0287 
9.2000 0.8775 0.0345 250000 0.0169 
11.1000 0.8790 0.0538 250000 0.0287 
9.3000 0.8838 0.0349 250000 0.0173 
11.0000 0.8852 0.0522 250000 0.0285 
9.4000 0.8899 0.0353 250000 0.0178 
10.9000 0.8916 0.0507 250000 0.0281 
9.5000 0.8958 0.0358 250000 0.0182 
10.8000 0.8980 0.0491 250000 0.0275 
9.6000 0.9015 0.0362 250000 0.0186 
10.7000 0.9043 0.0476 250000 0.0267 
9.7000 0.9069 0.0366 250000 0.0191 
10.6000 0.9099 0.0461 250000 0.0259 
9.8000 0.9120 0.0371 250000 0.0195 
10.5000 0.9151 0.0445 250000 0.0248 
9.9000 0.9165 0.0377 250000 0.0200 
10.4000 0.9196 0.0430 250000 0.0237 
10.0000 0.9201 0.0383 250000 0.0206 
10.3000 0.9225 0.0416 250000 0.0227 
10.1000 0.9226 0.0392 250000 0.0212 
10.2000 0.9235 0.0403 250000 0.0219 
-5.0000 -0.5281 0.0119 500000 -0.0035 
-4.9000 -0.5134 0.0117 500000 -0.0044 
-4.8000 -0.4985 0.0115 500000 -0.0053 
-4.7000 -0.4833 0.0114 500000 -0.0062 
-4.6000 -0.4706 0.0106 500000 -0.0067 
-4.5000 -0.4608 0.0102 500000 -0.0068 
-4.4000 -0.4537 0.0098 500000 -0.0062 
-4.3000 -0.4450 0.0095 500000 -0.0059 
-4.2000 -0.4356 0.0092 500000 -0.0058 
-4.1000 -0.4262 0.0088 500000 -0.0057 
-4.0000 -0.4170 0.0084 500000 -0.0056 
-3.9000 -0.4071 0.0080 500000 -0.0055 
-3.8000 -0.3970 0.0078 500000 -0.0055 
-3.7000 -0.3869 0.0075 500000 -0.0054 
-3.6000 -0.3789 0.0073 500000 -0.0049 
-3.5000 -0.3692 0.0073 500000 -0.0046 
-3.4000 -0.3599 0.0072 500000 -0.0042 
-3.3000 -0.3501 0.0071 500000 -0.0039 
-3.2000 -0.3396 0.0070 500000 -0.0038 
-3.1000 -0.3288 0.0070 500000 -0.0037 
-3.0000 -0.3178 0.0070 500000 -0.0036 
-2.9000 -0.3076 0.0070 500000 -0.0034 
-2.8000 -0.2975 0.0069 500000 -0.0032 
-2.7000 -0.2870 0.0069 500000 -0.0031 
-2.6000 -0.2766 0.0069 500000 -0.0029 
-2.5000 -0.2659 0.0069 500000 -0.0028 
-2.4000 -0.2559 0.0068 500000 -0.0026 
-2.3000 -0.2461 0.0067 500000 -0.0023 
-2.2000 -0.2358 0.0067 500000 -0.0021 
-2.1000 -0.2254 0.0067 500000 -0.0019 
-2.0000 -0.2148 0.0068 500000 -0.0018 
-1.9000 -0.2043 0.0067 500000 -0.0016 
-1.8000 -0.1942 0.0067 500000 -0.0013 
-1.7000 -0.1839 0.0067 500000 -0.0011 
-1.6000 -0.1731 0.0067 500000 -0.0010 
-1.5000 -0.1625 0.0067 500000 -0.0009 
-1.4000 -0.1518 0.0067 500000 -0.0008 
-1.3000 -0.1411 0.0067 500000 -0.0007 
-1.2000 -0.1303 0.0067 500000 -0.0006 
-1.1000 -0.1194 0.0068 500000 -0.0006 
-1.0000 -0.1084 0.0067 500000 -0.0006 
-0.9000 -0.0974 0.0067 500000 -0.0006 
-0.8000 -0.0867 0.0067 500000 -0.0005 
-0.7000 -0.0760 0.0067 500000 -0.0004 
-0.6000 -0.0653 0.0067 500000 -0.0003 
-0.5000 -0.0546 0.0067 500000 -0.0002 
-0.4000 -0.0437 0.0067 500000 -0.0001 
-0.3000 -0.0325 0.0067 500000 -0.0002 
-0.2000 -0.0217 0.0067 500000 -0.0001 
-0.1000 -0.0108 0.0067 500000 -0.0001 
0.0000 -0.0000 0.0067 500000 0.0000 
0.1000 0.0108 0.0067 500000 0.0001 
0.2000 0.0217 0.0067 500000 0.0001 
0.3000 0.0325 0.0067 500000 0.0002 
0.4000 0.0437 0.0067 500000 0.0001 
0.5000 0.0546 0.0067 500000 0.0002 
0.6000 0.0653 0.0067 500000 0.0003 
0.7000 0.0760 0.0067 500000 0.0004 
0.8000 0.0867 0.0067 500000 0.0005 
0.9000 0.0974 0.0067 500000 0.0006 
1.0000 0.1084 0.0067 500000 0.0006 
1.1000 0.1194 0.0068 500000 0.0006 
1.2000 0.1303 0.0067 500000 0.0006 
1.3000 0.1411 0.0067 500000 0.0007 
1.4000 0.1518 0.0067 500000 0.0008 
1.5000 0.1625 0.0067 500000 0.0009 
1.6000 0.1731 0.0067 500000 0.0010 
1.7000 0.1839 0.0067 500000 0.0011 
1.8000 0.1942 0.0067 500000 0.0013 
1.9000 0.2043 0.0067 500000 0.0016 
2.0000 0.2148 0.0068 500000 0.0018 
2.1000 0.2254 0.0067 500000 0.0019 
2.2000 0.2359 0.0067 500000 0.0021 
2.3000 0.2460 0.0067 500000 0.0023 
2.4000 0.2559 0.0068 500000 0.0026 
2.5000 0.2659 0.0069 500000 0.0028 
2.6000 0.2766 0.0069 500000 0.0029 
2.7000 0.2870 0.0069 500000 0.0031 
2.8000 0.2975 0.0069 500000 0.0032 
2.9000 0.3076 0.0070 500000 0.0034 
3.0000 0.3178 0.0070 500000 0.0036 
3.1000 0.3288 0.0070 500000 0.0037 
3.2000 0.3396 0.0070 500000 0.0038 
3.3000 0.3501 0.0071 500000 0.0039 
3.4000 0.3599 0.0072 500000 0.0042 
3.5000 0.3692 0.0073 500000 0.0046 
3.6000 0.3789 0.0073 500000 0.0049 
3.7000 0.3869 0.0075 500000 0.0054 
3.8000 0.3971 0.0077 500000 0.0055 
3.9000 0.4071 0.0080 500000 0.0055 
4.0000 0.4170 0.0084 500000 0.0056 
4.1000 0.4263 0.0088 500000 0.0057 
4.2000 0.4356 0.0092 500000 0.0058 
4.3000 0.4450 0.0095 500000 0.0059 
4.4000 0.4536 0.0098 500000 0.0062 
4.5000 0.4608 0.0102 500000 0.0068 
4.6000 0.4706 0.0107 500000 0.0067 
4.7000 0.4834 0.0114 500000 0.0062 
4.8000 0.4985 0.0115 500000 0.0053 
4.9000 0.5135 0.0117 500000 0.0044 
5.0000 0.5282 0.0119 500000 0.0035 
5.1000 0.5419 0.0123 500000 0.0030 
5.2000 0.5564 0.0124 500000 0.0021 
5.3000 0.5709 0.0126 500000 0.0012 
5.4000 0.5854 0.0127 500000 0.0004 
5.5000 0.5997 0.0128 500000 -0.0005 
5.6000 0.6139 0.0130 500000 -0.0013 
5.7000 0.6275 0.0132 500000 -0.0020 
5.8000 0.6413 0.0134 500000 -0.0027 
5.9000 0.6548 0.0136 500000 -0.0034 
6.0000 0.6681 0.0138 500000 -0.0040 
6.1000 0.6812 0.0141 500000 -0.0045 
6.2000 0.6941 0.0144 500000 -0.0051 
6.3000 0.7069 0.0146 500000 -0.0056 
6.4000 0.7174 0.0149 500000 -0.0056 
6.5000 0.7230 0.0151 500000 -0.0047 
6.6000 0.7288 0.0153 500000 -0.0038 
6.7000 0.7348 0.0156 500000 -0.0029 
6.8000 0.7408 0.0158 500000 -0.0021 
6.9000 0.7471 0.0160 500000 -0.0013 
7.0000 0.7535 0.0163 500000 -0.0005 
7.1000 0.7600 0.0165 500000 0.0003 
7.2000 0.7667 0.0168 500000 0.0010 
7.3000 0.7734 0.0171 500000 0.0018 
7.4000 0.7809 0.0172 500000 0.0023 
7.5000 0.7873 0.0175 500000 0.0030 
7.6000 0.7937 0.0178 500000 0.0038 
7.7000 0.8001 0.0182 500000 0.0045 
7.8000 0.8064 0.0186 500000 0.0052 
7.9000 0.8129 0.0191 500000 0.0060 
8.0000 0.8193 0.0196 500000 0.0067 
8.1000 0.8255 0.0202 500000 0.0074 
8.2000 0.8315 0.0210 500000 0.0081 
8.3000 0.8367 0.0220 500000 0.0089 
8.4000 0.8406 0.0235 500000 0.0098 
8.5000 0.8459 0.0246 500000 0.0105 
14.0000 0.8543 0.0971 500000 -0.0006 
8.6000 0.8550 0.0245 500000 0.0107 
8.7000 0.8638 0.0245 500000 0.0110 
8.8000 0.8726 0.0246 500000 0.0112 
13.9000 0.8741 0.0901 500000 0.0039 
8.9000 0.8813 0.0247 500000 0.0114 
9.0000 0.8899 0.0248 500000 0.0117 
13.8000 0.8905 0.0845 500000 0.0076 
9.1000 0.8985 0.0249 500000 0.0120 
13.7000 0.9048 0.0797 500000 0.0108 
9.2000 0.9069 0.0251 500000 0.0122 
9.3000 0.9151 0.0253 500000 0.0125 
13.6000 0.9173 0.0756 500000 0.0135 
9.4000 0.9234 0.0255 500000 0.0128 
13.5000 0.9289 0.0718 500000 0.0158 
9.5000 0.9315 0.0257 500000 0.0130 
9.6000 0.9396 0.0259 500000 0.0133 
13.4000 0.9396 0.0684 500000 0.0179 
9.7000 0.9476 0.0261 500000 0.0136 
13.3000 0.9495 0.0654 500000 0.0197 
9.8000 0.9555 0.0263 500000 0.0139 
13.2000 0.9594 0.0624 500000 0.0213 
9.9000 0.9634 0.0265 500000 0.0141 
13.1000 0.9680 0.0599 500000 0.0225 
10.0000 0.9712 0.0267 500000 0.0144 
13.0000 0.9765 0.0573 500000 0.0237 
10.1000 0.9790 0.0269 500000 0.0147 
12.9000 0.9839 0.0551 500000 0.0246 
10.2000 0.9866 0.0271 500000 0.0150 
12.8000 0.9911 0.0529 500000 0.0254 
10.3000 0.9942 0.0273 500000 0.0153 
12.7000 0.9969 0.0509 500000 0.0259 
10.4000 1.0017 0.0275 500000 0.0155 
12.6000 1.0024 0.0491 500000 0.0264 
12.5000 1.0071 0.0474 500000 0.0266 
10.5000 1.0090 0.0277 500000 0.0158 
12.4000 1.0111 0.0459 500000 0.0267 
12.3000 1.0144 0.0446 500000 0.0267 
10.6000 1.0162 0.0279 500000 0.0161 
12.2000 1.0165 0.0434 500000 0.0265 
11.7000 1.0167 0.0388 500000 0.0251 
11.8000 1.0178 0.0396 500000 0.0255 
12.1000 1.0182 0.0423 500000 0.0264 
11.9000 1.0185 0.0403 500000 0.0259 
12.0000 1.0188 0.0412 500000 0.0262 
10.7000 1.0232 0.0281 500000 0.0165 
10.8000 1.0299 0.0283 500000 0.0168 
10.9000 1.0361 0.0286 500000 0.0172 
11.0000 1.0398 0.0294 500000 0.0179 
11.6000 1.0402 0.0352 500000 0.0230 
11.1000 1.0444 0.0299 500000 0.0185 
11.2000 1.0490 0.0303 500000 0.0191 
11.3000 1.0532 0.0307 500000 0.0197 
11.4000 1.0562 0.0313 500000 0.0203 
11.5000 1.0565 0.0322 500000 0.0211 
-5.0000 -0.5103 0.0103 750000 -0.0068 
-4.9000 -0.4999 0.0102 750000 -0.0067 
-4.8000 -0.4889 0.0101 750000 -0.0067 
-4.7000 -0.4775 0.0100 750000 -0.0068 
-4.6000 -0.4658 0.0099 750000 -0.0069 
-4.5000 -0.4543 0.0098 750000 -0.0070 
-4.4000 -0.4430 0.0097 750000 -0.0070 
-4.2000 -0.4242 0.0092 750000 -0.0065 
-4.1000 -0.4161 0.0088 750000 -0.0061 
-4.0000 -0.4073 0.0086 750000 -0.0058 
-3.9000 -0.3982 0.0084 750000 -0.0055 
-3.8000 -0.3899 0.0081 750000 -0.0051 
-3.6000 -0.3738 0.0075 750000 -0.0043 
-3.5000 -0.3658 0.0072 750000 -0.0039 
-3.4000 -0.3581 0.0068 750000 -0.0034 
-3.3000 -0.3498 0.0066 750000 -0.0030 
-3.2000 -0.3395 0.0065 750000 -0.0029 
-3.1000 -0.3299 0.0064 750000 -0.0027 
-3.0000 -0.3198 0.0063 750000 -0.0025 
-2.9000 -0.3093 0.0063 750000 -0.0024 
-2.8000 -0.2986 0.0062 750000 -0.0023 
-2.7000 -0.2887 0.0062 750000 -0.0021 
-2.6000 -0.2786 0.0061 750000 -0.0019 
-2.5000 -0.2681 0.0061 750000 -0.0018 
-2.4000 -0.2571 0.0061 750000 -0.0018 
-2.3000 -0.2470 0.0060 750000 -0.0016 
-2.2000 -0.2366 0.0060 750000 -0.0015 
-2.1000 -0.2260 0.0059 750000 -0.0014 
-2.0000 -0.2152 0.0059 750000 -0.0013 
-1.9000 -0.2043 0.0059 750000 -0.0013 
-1.8000 -0.1934 0.0059 750000 -0.0013 
-1.7000 -0.1831 0.0059 750000 -0.0011 
-1.6000 -0.1729 0.0058 750000 -0.0009 
-1.5000 -0.1625 0.0058 750000 -0.0008 
-1.4000 -0.1520 0.0058 750000 -0.0006 
-1.3000 -0.1412 0.0058 750000 -0.0006 
-1.2000 -0.1301 0.0059 750000 -0.0006 
-1.1000 -0.1193 0.0058 750000 -0.0005 
-1.0000 -0.1090 0.0058 750000 -0.0004 
-0.9000 -0.0985 0.0057 750000 -0.0002 
-0.8000 -0.0877 0.0057 750000 -0.0002 
-0.7000 -0.0767 0.0057 750000 -0.0001 
-0.6000 -0.0657 0.0057 750000 -0.0001 
-0.5000 -0.0547 0.0057 750000 -0.0001 
-0.4000 -0.0436 0.0057 750000 -0.0001 
-0.3000 -0.0326 0.0057 750000 -0.0001 
-0.2000 -0.0217 0.0058 750000 -0.0001 
-0.1000 -0.0108 0.0058 750000 -0.0000 
0.0000 -0.0000 0.0058 750000 0.0000 
0.1000 0.0108 0.0058 750000 0.0000 
0.2000 0.0217 0.0058 750000 0.0001 
0.3000 0.0326 0.0057 750000 0.0001 
0.4000 0.0436 0.0057 750000 0.0001 
0.5000 0.0546 0.0057 750000 0.0001 
0.6000 0.0657 0.0057 750000 0.0001 
0.7000 0.0767 0.0057 750000 0.0001 
0.8000 0.0877 0.0057 750000 0.0002 
0.9000 0.0985 0.0057 750000 0.0002 
1.0000 0.1090 0.0058 750000 0.0004 
1.1000 0.1193 0.0058 750000 0.0005 
1.2000 0.1301 0.0059 750000 0.0006 
1.3000 0.1412 0.0058 750000 0.0006 
1.4000 0.1520 0.0058 750000 0.0006 
1.5000 0.1626 0.0058 750000 0.0008 
1.6000 0.1729 0.0058 750000 0.0009 
1.7000 0.1831 0.0059 750000 0.0011 
1.8000 0.1934 0.0059 750000 0.0013 
1.9000 0.2043 0.0059 750000 0.0013 
2.0000 0.2152 0.0059 750000 0.0013 
2.1000 0.2260 0.0059 750000 0.0014 
2.2000 0.2366 0.0060 750000 0.0015 
2.3000 0.2469 0.0060 750000 0.0016 
2.4000 0.2571 0.0061 750000 0.0018 
2.5000 0.2681 0.0061 750000 0.0018 
2.6000 0.2786 0.0061 750000 0.0019 
2.7000 0.2887 0.0062 750000 0.0021 
2.8000 0.2986 0.0062 750000 0.0023 
2.9000 0.3093 0.0063 750000 0.0024 
3.0000 0.3198 0.0063 750000 0.0025 
3.1000 0.3299 0.0064 750000 0.0027 
3.2000 0.3395 0.0065 750000 0.0029 
3.3000 0.3498 0.0066 750000 0.0030 
3.4000 0.3581 0.0068 750000 0.0034 
3.6000 0.3737 0.0075 750000 0.0043 
3.7000 0.3819 0.0078 750000 0.0047 
3.8000 0.3900 0.0081 750000 0.0051 
4.0000 0.4072 0.0086 750000 0.0058 
4.1000 0.4161 0.0088 750000 0.0061 
4.2000 0.4241 0.0092 750000 0.0065 
4.3000 0.4325 0.0095 750000 0.0069 
4.4000 0.4430 0.0097 750000 0.0070 
4.5000 0.4543 0.0098 750000 0.0070 
4.6000 0.4659 0.0099 750000 0.0069 
4.7000 0.4775 0.0100 750000 0.0068 
4.8000 0.4889 0.0101 750000 0.0067 
4.9000 0.4999 0.0102 750000 0.0067 
5.0000 0.5103 0.0103 750000 0.0068 
5.1000 0.5199 0.0105 750000 0.0072 
5.2000 0.5341 0.0107 750000 0.0064 
5.3000 0.5484 0.0109 750000 0.0056 
5.4000 0.5626 0.0111 750000 0.0048 
5.5000 0.5766 0.0113 750000 0.0041 
5.6000 0.5904 0.0115 750000 0.0034 
5.7000 0.6040 0.0117 750000 0.0027 
5.8000 0.6175 0.0118 750000 0.0021 
5.9000 0.6307 0.0121 750000 0.0015 
6.0000 0.6438 0.0123 750000 0.0009 
6.1000 0.6567 0.0126 750000 0.0004 
6.2000 0.6694 0.0129 750000 -0.0001 
6.3000 0.6819 0.0132 750000 -0.0005 
6.4000 0.6942 0.0135 750000 -0.0010 
14.3000 0.7061 0.1484 750000 -0.0224 
6.5000 0.7063 0.0139 750000 -0.0014 
6.6000 0.7181 0.0143 750000 -0.0017 
6.7000 0.7297 0.0147 750000 -0.0020 
6.8000 0.7411 0.0151 750000 -0.0023 
6.9000 0.7522 0.0156 750000 -0.0025 
7.0000 0.7582 0.0161 750000 -0.0017 
7.1000 0.7629 0.0166 750000 -0.0006 
7.2000 0.7680 0.0171 750000 0.0004 
7.3000 0.7731 0.0177 750000 0.0014 
7.5000 0.7961 0.0165 750000 0.0011 
7.6000 0.8040 0.0166 750000 0.0016 
7.7000 0.8118 0.0168 750000 0.0022 
7.8000 0.8195 0.0169 750000 0.0027 
7.9000 0.8271 0.0171 750000 0.0033 
8.0000 0.8346 0.0173 750000 0.0038 
8.1000 0.8423 0.0174 750000 0.0044 
8.2000 0.8500 0.0176 750000 0.0049 
8.3000 0.8579 0.0178 750000 0.0053 
8.4000 0.8658 0.0180 750000 0.0058 
8.5000 0.8739 0.0182 750000 0.0062 
8.6000 0.8821 0.0184 750000 0.0066 
8.7000 0.8904 0.0186 750000 0.0069 
8.8000 0.8988 0.0188 750000 0.0073 
8.9000 0.9073 0.0190 750000 0.0076 
9.0000 0.9158 0.0191 750000 0.0079 
9.1000 0.9245 0.0193 750000 0.0082 
9.2000 0.9331 0.0195 750000 0.0084 
9.3000 0.9418 0.0196 750000 0.0087 
9.4000 0.9506 0.0198 750000 0.0089 
9.5000 0.9594 0.0199 750000 0.0091 
9.6000 0.9682 0.0200 750000 0.0093 
9.7000 0.9770 0.0202 750000 0.0095 
9.8000 0.9857 0.0203 750000 0.0097 
9.9000 0.9945 0.0205 750000 0.0099 
10.0000 1.0031 0.0206 750000 0.0101 
10.1000 1.0115 0.0208 750000 0.0103 
10.2000 1.0195 0.0210 750000 0.0106 
10.3000 1.0269 0.0213 750000 0.0109 
10.5000 1.0293 0.0238 750000 0.0130 
10.4000 1.0329 0.0219 750000 0.0114 
10.6000 1.0385 0.0239 750000 0.0131 
10.7000 1.0474 0.0239 750000 0.0133 
10.8000 1.0512 0.0248 750000 0.0140 
10.9000 1.0585 0.0251 750000 0.0144 
11.0000 1.0667 0.0252 750000 0.0146 
11.1000 1.0749 0.0254 750000 0.0148 
11.2000 1.0831 0.0255 750000 0.0150 
11.3000 1.0909 0.0256 750000 0.0153 
11.4000 1.0985 0.0257 750000 0.0157 
11.5000 1.1059 0.0259 750000 0.0160 
11.6000 1.1131 0.0261 750000 0.0163 
11.7000 1.1201 0.0263 750000 0.0167 
11.8000 1.1269 0.0265 750000 0.0170 
11.9000 1.1335 0.0268 750000 0.0174 
12.0000 1.1396 0.0271 750000 0.0178 
12.1000 1.1455 0.0274 750000 0.0181 
12.2000 1.1512 0.0277 750000 0.0185 
12.3000 1.1567 0.0281 750000 0.0189 
12.4000 1.1622 0.0284 750000 0.0192 
12.5000 1.1671 0.0288 750000 0.0196 
12.6000 1.1713 0.0292 750000 0.0201 
12.7000 1.1756 0.0296 750000 0.0205 
12.8000 1.1799 0.0300 750000 0.0209 
12.9000 1.1843 0.0304 750000 0.0212 
13.0000 1.1883 0.0309 750000 0.0215 
13.1000 1.1922 0.0314 750000 0.0218 
13.2000 1.1960 0.0319 750000 0.0221 
13.3000 1.1997 0.0325 750000 0.0223 
13.4000 1.2031 0.0331 750000 0.0225 
13.5000 1.2058 0.0338 750000 0.0226 
14.0000 1.2071 0.0385 750000 0.0233 
13.6000 1.2079 0.0345 750000 0.0228 
13.9000 1.2087 0.0374 750000 0.0232 
13.7000 1.2095 0.0353 750000 0.0229 
13.8000 1.2099 0.0363 750000 0.0231 
-5.0000 -0.5102 0.0097 1000000 -0.0066 
-4.9000 -0.4992 0.0096 1000000 -0.0065 
-4.8000 -0.4883 0.0095 1000000 -0.0065 
-4.7000 -0.4779 0.0094 1000000 -0.0064 
-4.6000 -0.4676 0.0094 1000000 -0.0062 
-4.5000 -0.4572 0.0093 1000000 -0.0061 
-4.4000 -0.4469 0.0092 1000000 -0.0059 
-4.3000 -0.4367 0.0091 1000000 -0.0057 
-4.2000 -0.4267 0.0091 1000000 -0.0054 
-4.1000 -0.4167 0.0090 1000000 -0.0052 
-4.0000 -0.4063 0.0089 1000000 -0.0051 
-3.9000 -0.3970 0.0086 1000000 -0.0049 
-3.8000 -0.3875 0.0084 1000000 -0.0047 
-3.7000 -0.3789 0.0081 1000000 -0.0044 
-3.6000 -0.3700 0.0078 1000000 -0.0041 
-3.5000 -0.3608 0.0076 1000000 -0.0039 
-3.4000 -0.3520 0.0074 1000000 -0.0036 
-3.3000 -0.3437 0.0071 1000000 -0.0032 
-3.2000 -0.3362 0.0068 1000000 -0.0027 
-3.1000 -0.3289 0.0064 1000000 -0.0022 
-3.0000 -0.3189 0.0063 1000000 -0.0021 
-2.9000 -0.3091 0.0061 1000000 -0.0020 
-2.8000 -0.2989 0.0060 1000000 -0.0018 
-2.7000 -0.2881 0.0060 1000000 -0.0018 
-2.6000 -0.2781 0.0058 1000000 -0.0017 
-2.5000 -0.2678 0.0058 1000000 -0.0015 
-2.4000 -0.2572 0.0057 1000000 -0.0015 
-2.3000 -0.2473 0.0056 1000000 -0.0013 
-2.2000 -0.2373 0.0056 1000000 -0.0011 
-2.1000 -0.2268 0.0056 1000000 -0.0010 
-2.0000 -0.2161 0.0056 1000000 -0.0009 
-1.9000 -0.2052 0.0056 1000000 -0.0009 
-1.8000 -0.1948 0.0055 1000000 -0.0008 
-1.7000 -0.1843 0.0055 1000000 -0.0007 
-1.6000 -0.1734 0.0054 1000000 -0.0007 
-1.5000 -0.1623 0.0054 1000000 -0.0007 
-1.4000 -0.1511 0.0054 1000000 -0.0007 
-1.3000 -0.1399 0.0054 1000000 -0.0008 
-1.2000 -0.1291 0.0053 1000000 -0.0007 
-1.1000 -0.1185 0.0053 1000000 -0.0006 
-1.0000 -0.1080 0.0053 1000000 -0.0005 
-0.9000 -0.0975 0.0053 1000000 -0.0004 
-0.8000 -0.0868 0.0053 1000000 -0.0003 
-0.7000 -0.0760 0.0053 1000000 -0.0003 
-0.6000 -0.0652 0.0053 1000000 -0.0002 
-0.5000 -0.0548 0.0053 1000000 -0.0001 
-0.4000 -0.0443 0.0053 1000000 0.0000 
-0.3000 -0.0334 0.0052 1000000 0.0001 
-0.2000 -0.0224 0.0052 1000000 0.0001 
-0.1000 -0.0112 0.0052 1000000 0.0000 
0.0000 -0.0000 0.0052 1000000 0.0000 
0.1000 0.0112 0.0052 1000000 -0.0000 
0.2000 0.0224 0.0052 1000000 -0.0001 
0.3000 0.0334 0.0052 1000000 -0.0001 
0.4000 0.0442 0.0053 1000000 -0.0000 
0.5000 0.0548 0.0053 1000000 0.0001 
0.6000 0.0652 0.0053 1000000 0.0002 
0.7000 0.0760 0.0053 1000000 0.0003 
0.8000 0.0868 0.0053 1000000 0.0003 
0.9000 0.0975 0.0053 1000000 0.0004 
1.0000 0.1080 0.0053 1000000 0.0005 
1.1000 0.1185 0.0053 1000000 0.0006 
1.2000 0.1291 0.0054 1000000 0.0007 
1.3000 0.1399 0.0054 1000000 0.0008 
1.4000 0.1511 0.0054 1000000 0.0007 
1.5000 0.1623 0.0054 1000000 0.0007 
1.6000 0.1734 0.0054 1000000 0.0007 
1.7000 0.1843 0.0055 1000000 0.0007 
1.8000 0.1948 0.0055 1000000 0.0008 
1.9000 0.2052 0.0056 1000000 0.0009 
2.0000 0.2161 0.0056 1000000 0.0009 
2.1000 0.2268 0.0056 1000000 0.0010 
2.2000 0.2374 0.0056 1000000 0.0011 
2.3000 0.2473 0.0056 1000000 0.0013 
2.4000 0.2572 0.0057 1000000 0.0015 
2.5000 0.2678 0.0058 1000000 0.0015 
2.6000 0.2781 0.0058 1000000 0.0017 
2.7000 0.2881 0.0060 1000000 0.0018 
2.8000 0.2989 0.0060 1000000 0.0018 
2.9000 0.3091 0.0061 1000000 0.0020 
3.0000 0.3189 0.0063 1000000 0.0021 
3.1000 0.3289 0.0064 1000000 0.0022 
3.2000 0.3362 0.0068 1000000 0.0027 
3.3000 0.3437 0.0071 1000000 0.0032 
3.4000 0.3521 0.0074 1000000 0.0036 
3.5000 0.3607 0.0077 1000000 0.0039 
3.6000 0.3700 0.0079 1000000 0.0041 
3.7000 0.3789 0.0081 1000000 0.0044 
3.8000 0.3876 0.0084 1000000 0.0047 
3.9000 0.3970 0.0086 1000000 0.0049 
4.0000 0.4063 0.0089 1000000 0.0051 
4.2000 0.4267 0.0091 1000000 0.0054 
4.3000 0.4367 0.0091 1000000 0.0057 
4.4000 0.4469 0.0092 1000000 0.0059 
4.5000 0.4572 0.0093 1000000 0.0060 
4.6000 0.4676 0.0094 1000000 0.0062 
4.7000 0.4780 0.0094 1000000 0.0063 
4.9000 0.4992 0.0096 1000000 0.0065 
5.0000 0.5102 0.0097 1000000 0.0066 
5.1000 0.5209 0.0099 1000000 0.0067 
5.2000 0.5310 0.0102 1000000 0.0069 
5.3000 0.5412 0.0104 1000000 0.0070 
5.4000 0.5507 0.0106 1000000 0.0073 
5.5000 0.5607 0.0108 1000000 0.0074 
5.6000 0.5750 0.0109 1000000 0.0066 
5.7000 0.5892 0.0111 1000000 0.0059 
5.8000 0.6026 0.0113 1000000 0.0052 
5.9000 0.6162 0.0115 1000000 0.0046 
6.0000 0.6297 0.0116 1000000 0.0039 
6.1000 0.6428 0.0118 1000000 0.0033 
6.2000 0.6559 0.0120 1000000 0.0028 
6.3000 0.6689 0.0122 1000000 0.0022 
6.4000 0.6818 0.0124 1000000 0.0017 
6.5000 0.6947 0.0126 1000000 0.0012 
6.6000 0.7074 0.0128 1000000 0.0007 
6.7000 0.7201 0.0130 1000000 0.0002 
6.8000 0.7326 0.0132 1000000 -0.0002 
6.9000 0.7450 0.0134 1000000 -0.0007 
7.0000 0.7573 0.0136 1000000 -0.0011 
7.1000 0.7696 0.0138 1000000 -0.0015 
7.2000 0.7817 0.0140 1000000 -0.0019 
7.3000 0.7965 0.0137 1000000 -0.0028 
7.4000 0.8090 0.0139 1000000 -0.0032 
7.5000 0.8208 0.0140 1000000 -0.0036 
7.6000 0.8280 0.0141 1000000 -0.0029 
7.7000 0.8352 0.0143 1000000 -0.0022 
7.8000 0.8425 0.0144 1000000 -0.0016 
7.9000 0.8499 0.0146 1000000 -0.0010 
8.0000 0.8573 0.0147 1000000 -0.0004 
8.1000 0.8649 0.0149 1000000 0.0002 
8.2000 0.8724 0.0150 1000000 0.0007 
8.3000 0.8801 0.0152 1000000 0.0013 
8.4000 0.8878 0.0153 1000000 0.0018 
8.5000 0.8954 0.0155 1000000 0.0024 
8.6000 0.9033 0.0156 1000000 0.0028 
8.7000 0.9112 0.0157 1000000 0.0033 
8.8000 0.9194 0.0159 1000000 0.0037 
8.9000 0.9277 0.0160 1000000 0.0041 
9.0000 0.9360 0.0162 1000000 0.0045 
9.1000 0.9445 0.0163 1000000 0.0048 
9.2000 0.9528 0.0165 1000000 0.0052 
9.3000 0.9612 0.0167 1000000 0.0055 
9.4000 0.9694 0.0169 1000000 0.0058 
9.5000 0.9774 0.0172 1000000 0.0062 
9.6000 0.9850 0.0175 1000000 0.0066 
9.7000 0.9920 0.0179 1000000 0.0071 
9.8000 0.9978 0.0184 1000000 0.0078 
9.9000 0.9989 0.0197 1000000 0.0090 
10.0000 1.0087 0.0197 1000000 0.0091 
10.1000 1.0185 0.0197 1000000 0.0092 
10.2000 1.0282 0.0198 1000000 0.0093 
10.3000 1.0378 0.0198 1000000 0.0094 
10.4000 1.0475 0.0199 1000000 0.0094 
10.5000 1.0569 0.0200 1000000 0.0096 
10.6000 1.0621 0.0206 1000000 0.0102 
10.7000 1.0697 0.0209 1000000 0.0106 
10.8000 1.0785 0.0211 1000000 0.0108 
10.9000 1.0877 0.0212 1000000 0.0109 
11.0000 1.0969 0.0213 1000000 0.0110 
11.1000 1.1061 0.0214 1000000 0.0111 
11.2000 1.1153 0.0214 1000000 0.0112 
11.3000 1.1244 0.0215 1000000 0.0114 
11.4000 1.1334 0.0216 1000000 0.0115 
11.5000 1.1422 0.0218 1000000 0.0117 
11.6000 1.1511 0.0219 1000000 0.0118 
11.7000 1.1597 0.0220 1000000 0.0120 
11.8000 1.1682 0.0221 1000000 0.0122 
11.9000 1.1764 0.0223 1000000 0.0124 
12.0000 1.1845 0.0224 1000000 0.0127 
12.1000 1.1925 0.0226 1000000 0.0129 
12.2000 1.2005 0.0227 1000000 0.0132 
12.3000 1.2084 0.0228 1000000 0.0134 
15.0000 1.2105 0.0495 1000000 0.0213 
12.4000 1.2163 0.0230 1000000 0.0137 
14.8000 1.2215 0.0456 1000000 0.0221 
12.5000 1.2241 0.0232 1000000 0.0139 
14.6000 1.2313 0.0421 1000000 0.0227 
12.6000 1.2315 0.0234 1000000 0.0142 
14.5000 1.2353 0.0405 1000000 0.0228 
12.7000 1.2385 0.0237 1000000 0.0145 
14.3000 1.2424 0.0376 1000000 0.0228 
12.8000 1.2446 0.0240 1000000 0.0149 
14.2000 1.2453 0.0363 1000000 0.0226 
14.1000 1.2483 0.0351 1000000 0.0224 
13.1000 1.2486 0.0262 1000000 0.0172 
12.9000 1.2491 0.0244 1000000 0.0154 
13.0000 1.2492 0.0253 1000000 0.0163 
13.2000 1.2498 0.0268 1000000 0.0180 
14.0000 1.2500 0.0339 1000000 0.0221 
13.3000 1.2507 0.0275 1000000 0.0187 
13.9000 1.2509 0.0328 1000000 0.0218 
13.4000 1.2516 0.0282 1000000 0.0194 
13.5000 1.2520 0.0290 1000000 0.0200 
13.6000 1.2521 0.0299 1000000 0.0206 
13.8000 1.2521 0.0318 1000000 0.0215 
13.7000 1.2522 0.0308 1000000 0.0210 
-5.0000 -0.5219 0.0086 2000000 -0.0038 
-4.9000 -0.5115 0.0085 2000000 -0.0037 
-4.8000 -0.5012 0.0084 2000000 -0.0036 
-4.7000 -0.4908 0.0084 2000000 -0.0035 
-4.6000 -0.4804 0.0083 2000000 -0.0033 
-4.5000 -0.4697 0.0082 2000000 -0.0033 
-4.4000 -0.4589 0.0082 2000000 -0.0033 
-4.3000 -0.4480 0.0081 2000000 -0.0033 
-4.2000 -0.4371 0.0080 2000000 -0.0032 
-4.1000 -0.4262 0.0080 2000000 -0.0032 
-4.0000 -0.4153 0.0079 2000000 -0.0032 
-3.9000 -0.4044 0.0079 2000000 -0.0032 
-3.8000 -0.3936 0.0078 2000000 -0.0032 
-3.7000 -0.3828 0.0078 2000000 -0.0032 
-3.6000 -0.3720 0.0077 2000000 -0.0031 
-3.5000 -0.3613 0.0077 2000000 -0.0031 
-3.4000 -0.3505 0.0077 2000000 -0.0030 
-2.0000 -0.2092 0.0058 2000000 -0.0015 
-1.9000 -0.1992 0.0056 2000000 -0.0013 
-1.8000 -0.1893 0.0055 2000000 -0.0012 
-1.7000 -0.1789 0.0054 2000000 -0.0012 
-1.6000 -0.1689 0.0053 2000000 -0.0010 
-1.5000 -0.1590 0.0051 2000000 -0.0009 
-1.4000 -0.1486 0.0050 2000000 -0.0008 
-1.3000 -0.1386 0.0049 2000000 -0.0007 
-1.2000 -0.1281 0.0048 2000000 -0.0006 
-1.1000 -0.1172 0.0048 2000000 -0.0006 
-1.0000 -0.1072 0.0047 2000000 -0.0005 
-0.9000 -0.0970 0.0047 2000000 -0.0003 
-0.8000 -0.0864 0.0047 2000000 -0.0002 
-0.7000 -0.0755 0.0047 2000000 -0.0002 
-0.6000 -0.0645 0.0047 2000000 -0.0002 
-0.5000 -0.0538 0.0046 2000000 -0.0002 
-0.4000 -0.0433 0.0046 2000000 -0.0001 
-0.3000 -0.0328 0.0046 2000000 -0.0000 
-0.2000 -0.0221 0.0046 2000000 0.0000 
-0.1000 -0.0111 0.0047 2000000 0.0000 
0.0000 0.0000 0.0047 2000000 -0.0000 
0.1000 0.0111 0.0047 2000000 -0.0000 
0.2000 0.0221 0.0046 2000000 -0.0000 
0.3000 0.0328 0.0046 2000000 0.0000 
0.4000 0.0433 0.0046 2000000 0.0001 
0.5000 0.0538 0.0046 2000000 0.0002 
0.6000 0.0645 0.0047 2000000 0.0002 
0.7000 0.0755 0.0047 2000000 0.0002 
0.8000 0.0864 0.0047 2000000 0.0002 
0.9000 0.0969 0.0047 2000000 0.0003 
1.0000 0.1071 0.0047 2000000 0.0005 
1.1000 0.1172 0.0048 2000000 0.0006 
1.2000 0.1281 0.0048 2000000 0.0006 
1.3000 0.1386 0.0049 2000000 0.0007 
1.4000 0.1486 0.0050 2000000 0.0008 
1.5000 0.1589 0.0051 2000000 0.0009 
1.6000 0.1688 0.0053 2000000 0.0010 
1.7000 0.1787 0.0054 2000000 0.0012 
1.8000 0.1892 0.0055 2000000 0.0012 
1.9000 0.1991 0.0057 2000000 0.0014 
2.0000 0.2092 0.0058 2000000 0.0015 
2.1000 0.2190 0.0059 2000000 0.0016 
2.2000 0.2288 0.0060 2000000 0.0018 
2.3000 0.2384 0.0062 2000000 0.0020 
2.4000 0.2490 0.0062 2000000 0.0020 
2.5000 0.2598 0.0063 2000000 0.0020 
2.6000 0.2691 0.0065 2000000 0.0022 
2.7000 0.2774 0.0069 2000000 0.0026 
2.8000 0.2862 0.0072 2000000 0.0029 
3.0000 0.3068 0.0075 2000000 0.0030 
3.1000 0.3175 0.0076 2000000 0.0030 
3.2000 0.3287 0.0076 2000000 0.0030 
3.3000 0.3397 0.0077 2000000 0.0030 
3.4000 0.3505 0.0077 2000000 0.0030 
3.5000 0.3613 0.0077 2000000 0.0031 
3.6000 0.3720 0.0077 2000000 0.0031 
3.7000 0.3828 0.0078 2000000 0.0032 
3.8000 0.3936 0.0078 2000000 0.0032 
3.9000 0.4044 0.0079 2000000 0.0032 
4.0000 0.4153 0.0079 2000000 0.0032 
4.1000 0.4262 0.0080 2000000 0.0032 
4.2000 0.4371 0.0080 2000000 0.0032 
4.3000 0.4480 0.0081 2000000 0.0032 
4.4000 0.4589 0.0082 2000000 0.0033 
4.5000 0.4698 0.0082 2000000 0.0033 
4.6000 0.4804 0.0083 2000000 0.0033 
4.7000 0.4908 0.0084 2000000 0.0035 
4.8000 0.5012 0.0084 2000000 0.0036 
4.9000 0.5115 0.0085 2000000 0.0037 
5.0000 0.5219 0.0086 2000000 0.0038 
5.1000 0.5331 0.0085 2000000 0.0036 
5.2000 0.5437 0.0086 2000000 0.0036 
5.3000 0.5544 0.0087 2000000 0.0036 
5.5000 0.5751 0.0088 2000000 0.0038 
5.6000 0.5850 0.0089 2000000 0.0040 
5.8000 0.6053 0.0090 2000000 0.0044 
5.9000 0.6157 0.0091 2000000 0.0044 
6.0000 0.6262 0.0091 2000000 0.0045 
6.1000 0.6365 0.0092 2000000 0.0046 
6.2000 0.6467 0.0093 2000000 0.0048 
6.3000 0.6573 0.0094 2000000 0.0049 
6.4000 0.6679 0.0095 2000000 0.0049 
6.5000 0.6785 0.0096 2000000 0.0049 
6.6000 0.6890 0.0097 2000000 0.0050 
6.7000 0.7011 0.0098 2000000 0.0047 
6.8000 0.7146 0.0099 2000000 0.0040 
6.9000 0.7280 0.0100 2000000 0.0034 
7.0000 0.7412 0.0102 2000000 0.0028 
7.1000 0.7541 0.0103 2000000 0.0023 
7.2000 0.7668 0.0104 2000000 0.0019 
7.3000 0.7787 0.0107 2000000 0.0015 
7.4000 0.7905 0.0110 2000000 0.0012 
7.5000 0.8020 0.0112 2000000 0.0009 
7.6000 0.8132 0.0115 2000000 0.0007 
7.7000 0.8239 0.0119 2000000 0.0006 
7.8000 0.8364 0.0120 2000000 0.0002 
7.9000 0.8490 0.0120 2000000 -0.0003 
8.0000 0.8614 0.0121 2000000 -0.0007 
8.1000 0.8738 0.0121 2000000 -0.0011 
8.2000 0.8860 0.0122 2000000 -0.0015 
8.3000 0.8982 0.0122 2000000 -0.0018 
8.4000 0.9102 0.0123 2000000 -0.0022 
8.5000 0.9222 0.0124 2000000 -0.0025 
8.6000 0.9342 0.0125 2000000 -0.0028 
8.7000 0.9461 0.0126 2000000 -0.0031 
8.8000 0.9580 0.0126 2000000 -0.0034 
8.9000 0.9667 0.0127 2000000 -0.0031 
9.0000 0.9750 0.0128 2000000 -0.0026 
9.1000 0.9833 0.0129 2000000 -0.0022 
9.2000 0.9915 0.0130 2000000 -0.0017 
9.3000 0.9997 0.0130 2000000 -0.0012 
9.4000 1.0080 0.0131 2000000 -0.0008 
9.5000 1.0162 0.0132 2000000 -0.0003 
9.6000 1.0245 0.0133 2000000 0.0001 
9.7000 1.0329 0.0134 2000000 0.0006 
9.8000 1.0414 0.0135 2000000 0.0009 
9.9000 1.0503 0.0136 2000000 0.0013 
10.0000 1.0593 0.0137 2000000 0.0015 
10.1000 1.0684 0.0138 2000000 0.0018 
10.2000 1.0776 0.0139 2000000 0.0020 
10.3000 1.0849 0.0142 2000000 0.0026 
10.4000 1.0937 0.0144 2000000 0.0029 
10.5000 1.1029 0.0145 2000000 0.0031 
10.6000 1.1123 0.0147 2000000 0.0032 
10.7000 1.1219 0.0148 2000000 0.0034 
10.8000 1.1314 0.0149 2000000 0.0035 
10.9000 1.1411 0.0150 2000000 0.0036 
11.0000 1.1507 0.0151 2000000 0.0037 
11.1000 1.1604 0.0152 2000000 0.0038 
11.2000 1.1700 0.0153 2000000 0.0039 
11.3000 1.1795 0.0154 2000000 0.0040 
11.4000 1.1889 0.0156 2000000 0.0041 
11.5000 1.1982 0.0157 2000000 0.0043 
11.6000 1.2071 0.0159 2000000 0.0045 
11.7000 1.2158 0.0161 2000000 0.0047 
11.8000 1.2240 0.0164 2000000 0.0050 
11.9000 1.2325 0.0166 2000000 0.0052 
12.0000 1.2409 0.0168 2000000 0.0055 
12.1000 1.2493 0.0170 2000000 0.0058 
12.2000 1.2575 0.0173 2000000 0.0060 
12.3000 1.2656 0.0175 2000000 0.0063 
12.4000 1.2736 0.0178 2000000 0.0066 
12.5000 1.2815 0.0180 2000000 0.0069 
12.6000 1.2892 0.0183 2000000 0.0073 
12.7000 1.2968 0.0186 2000000 0.0076 
12.8000 1.3043 0.0188 2000000 0.0079 
12.9000 1.3116 0.0191 2000000 0.0083 
13.0000 1.3187 0.0194 2000000 0.0087 
13.1000 1.3255 0.0197 2000000 0.0091 
13.2000 1.3317 0.0200 2000000 0.0097 
13.3000 1.3376 0.0203 2000000 0.0102 
13.4000 1.3433 0.0207 2000000 0.0108 
13.5000 1.3489 0.0210 2000000 0.0114 
13.6000 1.3545 0.0214 2000000 0.0119 
13.7000 1.3598 0.0217 2000000 0.0125 
13.8000 1.3649 0.0221 2000000 0.0130 
13.9000 1.3693 0.0226 2000000 0.0136 
14.0000 1.3736 0.0230 2000000 0.0142 
14.1000 1.3776 0.0234 2000000 0.0147 
14.2000 1.3815 0.0239 2000000 0.0153 
14.3000 1.3842 0.0244 2000000 0.0160 
14.4000 1.3859 0.0249 2000000 0.0168 
14.5000 1.3880 0.0255 2000000 0.0174 
14.6000 1.3905 0.0261 2000000 0.0180 
14.7000 1.3925 0.0267 2000000 0.0185 
14.8000 1.3941 0.0274 2000000 0.0190 
14.9000 1.3957 0.0281 2000000 0.0194 
15.0000 1.3976 0.0288 2000000 0.0198 
-5.0000 -0.5281 0.0079 3000000 -0.0024 
-4.9000 -0.5175 0.0079 3000000 -0.0024 
-4.8000 -0.5067 0.0078 3000000 -0.0024 
-4.7000 -0.4959 0.0077 3000000 -0.0024 
-4.6000 -0.4851 0.0077 3000000 -0.0023 
-4.5000 -0.4743 0.0076 3000000 -0.0023 
-4.4000 -0.4636 0.0076 3000000 -0.0023 
-4.3000 -0.4528 0.0076 3000000 -0.0022 
-4.2000 -0.4419 0.0075 3000000 -0.0022 
-4.1000 -0.4310 0.0075 3000000 -0.0022 
-4.0000 -0.4200 0.0074 3000000 -0.0023 
-3.9000 -0.4089 0.0074 3000000 -0.0023 
-3.8000 -0.3978 0.0073 3000000 -0.0023 
-3.7000 -0.3867 0.0073 3000000 -0.0024 
-3.6000 -0.3756 0.0072 3000000 -0.0024 
-3.5000 -0.3645 0.0072 3000000 -0.0024 
-3.4000 -0.3535 0.0072 3000000 -0.0025 
-3.3000 -0.3425 0.0071 3000000 -0.0025 
-3.2000 -0.3316 0.0071 3000000 -0.0025 
-3.1000 -0.3206 0.0071 3000000 -0.0025 
-3.0000 -0.3097 0.0071 3000000 -0.0025 
-2.9000 -0.2988 0.0070 3000000 -0.0025 
-2.8000 -0.2878 0.0070 3000000 -0.0025 
-2.7000 -0.2768 0.0070 3000000 -0.0025 
-2.6000 -0.2658 0.0069 3000000 -0.0026 
-2.5000 -0.2546 0.0069 3000000 -0.0026 
-2.4000 -0.2435 0.0069 3000000 -0.0027 
-2.2000 -0.2247 0.0063 3000000 -0.0022 
-2.1000 -0.2132 0.0064 3000000 -0.0023 
-2.0000 -0.2032 0.0062 3000000 -0.0022 
-1.9000 -0.1928 0.0061 3000000 -0.0021 
-1.8000 -0.1826 0.0060 3000000 -0.0020 
-1.7000 -0.1717 0.0060 3000000 -0.0020 
-1.6000 -0.1613 0.0059 3000000 -0.0020 
-1.5000 -0.1513 0.0058 3000000 -0.0018 
-1.4000 -0.1406 0.0058 3000000 -0.0018 
-1.3000 -0.1297 0.0057 3000000 -0.0018 
-1.1000 -0.1108 0.0054 3000000 -0.0014 
-1.0000 -0.1012 0.0054 3000000 -0.0012 
-0.9000 -0.0919 0.0052 3000000 -0.0010 
-0.8000 -0.0820 0.0051 3000000 -0.0008 
-0.7000 -0.0717 0.0050 3000000 -0.0007 
-0.6000 -0.0620 0.0048 3000000 -0.0006 
-0.5000 -0.0511 0.0047 3000000 -0.0006 
-0.4000 -0.0414 0.0046 3000000 -0.0004 
-0.3000 -0.0311 0.0046 3000000 -0.0003 
-0.2000 -0.0207 0.0047 3000000 -0.0002 
-0.1000 -0.0103 0.0046 3000000 -0.0001 
0.0000 -0.0000 0.0046 3000000 0.0000 
0.1000 0.0102 0.0046 3000000 0.0001 
0.2000 0.0206 0.0047 3000000 0.0002 
0.3000 0.0311 0.0046 3000000 0.0003 
0.4000 0.0411 0.0047 3000000 0.0004 
0.5000 0.0511 0.0047 3000000 0.0006 
0.6000 0.0620 0.0048 3000000 0.0006 
0.7000 0.0716 0.0050 3000000 0.0008 
0.8000 0.0819 0.0051 3000000 0.0008 
0.9000 0.0918 0.0052 3000000 0.0010 
1.0000 0.1011 0.0054 3000000 0.0012 
1.1000 0.1107 0.0055 3000000 0.0014 
1.3000 0.1297 0.0057 3000000 0.0018 
1.4000 0.1406 0.0058 3000000 0.0018 
1.5000 0.1513 0.0058 3000000 0.0018 
1.6000 0.1612 0.0059 3000000 0.0020 
1.7000 0.1717 0.0060 3000000 0.0020 
1.8000 0.1825 0.0060 3000000 0.0020 
1.9000 0.1928 0.0061 3000000 0.0021 
2.0000 0.2032 0.0062 3000000 0.0022 
2.1000 0.2131 0.0064 3000000 0.0023 
2.2000 0.2250 0.0063 3000000 0.0022 
2.4000 0.2435 0.0069 3000000 0.0027 
2.5000 0.2546 0.0069 3000000 0.0026 
2.6000 0.2658 0.0069 3000000 0.0026 
2.7000 0.2768 0.0070 3000000 0.0025 
2.8000 0.2878 0.0070 3000000 0.0025 
2.9000 0.2988 0.0070 3000000 0.0025 
3.0000 0.3097 0.0071 3000000 0.0025 
3.1000 0.3206 0.0071 3000000 0.0025 
3.2000 0.3316 0.0071 3000000 0.0025 
3.3000 0.3425 0.0071 3000000 0.0025 
3.4000 0.3535 0.0072 3000000 0.0025 
3.5000 0.3646 0.0072 3000000 0.0024 
3.6000 0.3756 0.0072 3000000 0.0024 
3.7000 0.3867 0.0073 3000000 0.0024 
3.8000 0.3978 0.0073 3000000 0.0023 
3.9000 0.4089 0.0074 3000000 0.0023 
4.0000 0.4200 0.0074 3000000 0.0023 
4.1000 0.4310 0.0075 3000000 0.0022 
4.2000 0.4419 0.0075 3000000 0.0022 
4.3000 0.4528 0.0076 3000000 0.0022 
4.4000 0.4636 0.0076 3000000 0.0023 
4.5000 0.4743 0.0076 3000000 0.0023 
4.6000 0.4851 0.0077 3000000 0.0023 
4.7000 0.4959 0.0077 3000000 0.0023 
4.8000 0.5067 0.0078 3000000 0.0024 
4.9000 0.5175 0.0079 3000000 0.0024 
5.0000 0.5281 0.0079 3000000 0.0024 
5.1000 0.5389 0.0080 3000000 0.0024 
5.2000 0.5497 0.0081 3000000 0.0024 
5.3000 0.5606 0.0082 3000000 0.0024 
5.4000 0.5713 0.0082 3000000 0.0024 
5.5000 0.5818 0.0083 3000000 0.0024 
5.6000 0.5922 0.0083 3000000 0.0025 
5.7000 0.6027 0.0084 3000000 0.0026 
5.8000 0.6132 0.0085 3000000 0.0027 
5.9000 0.6237 0.0085 3000000 0.0027 
6.0000 0.6342 0.0086 3000000 0.0028 
6.1000 0.6448 0.0087 3000000 0.0028 
6.2000 0.6553 0.0088 3000000 0.0029 
6.3000 0.6652 0.0089 3000000 0.0031 
6.4000 0.6749 0.0089 3000000 0.0033 
6.5000 0.6848 0.0090 3000000 0.0035 
6.6000 0.6949 0.0091 3000000 0.0037 
6.7000 0.7052 0.0092 3000000 0.0038 
6.8000 0.7153 0.0094 3000000 0.0039 
6.9000 0.7249 0.0095 3000000 0.0042 
7.0000 0.7346 0.0096 3000000 0.0044 
7.1000 0.7443 0.0098 3000000 0.0046 
7.2000 0.7541 0.0100 3000000 0.0048 
7.3000 0.7638 0.0102 3000000 0.0049 
7.4000 0.7800 0.0097 3000000 0.0038 
7.5000 0.7937 0.0097 3000000 0.0031 
7.6000 0.8073 0.0097 3000000 0.0025 
7.7000 0.8205 0.0098 3000000 0.0019 
7.8000 0.8335 0.0098 3000000 0.0014 
7.9000 0.8463 0.0099 3000000 0.0009 
8.0000 0.8589 0.0100 3000000 0.0004 
8.1000 0.8713 0.0101 3000000 0.0000 
8.2000 0.8835 0.0102 3000000 -0.0003 
8.3000 0.8957 0.0103 3000000 -0.0007 
8.4000 0.9076 0.0104 3000000 -0.0010 
8.5000 0.9195 0.0104 3000000 -0.0013 
8.6000 0.9312 0.0106 3000000 -0.0016 
8.7000 0.9429 0.0107 3000000 -0.0018 
8.8000 0.9545 0.0107 3000000 -0.0020 
8.9000 0.9660 0.0108 3000000 -0.0023 
9.0000 0.9774 0.0109 3000000 -0.0025 
9.1000 0.9889 0.0110 3000000 -0.0027 
9.2000 1.0002 0.0111 3000000 -0.0029 
9.3000 1.0115 0.0113 3000000 -0.0031 
9.4000 1.0228 0.0114 3000000 -0.0033 
9.5000 1.0341 0.0115 3000000 -0.0035 
9.6000 1.0455 0.0116 3000000 -0.0037 
9.7000 1.0569 0.0117 3000000 -0.0039 
9.8000 1.0658 0.0118 3000000 -0.0036 
9.9000 1.0734 0.0119 3000000 -0.0030 
10.0000 1.0810 0.0121 3000000 -0.0024 
10.1000 1.0886 0.0122 3000000 -0.0018 
10.2000 1.0969 0.0123 3000000 -0.0013 
10.3000 1.1048 0.0124 3000000 -0.0008 
10.4000 1.1131 0.0125 3000000 -0.0004 
10.5000 1.1217 0.0126 3000000 0.0000 
10.6000 1.1305 0.0128 3000000 0.0003 
10.7000 1.1394 0.0129 3000000 0.0006 
10.8000 1.1484 0.0131 3000000 0.0009 
10.9000 1.1573 0.0132 3000000 0.0011 
11.0000 1.1665 0.0134 3000000 0.0013 
11.1000 1.1757 0.0135 3000000 0.0016 
11.2000 1.1848 0.0137 3000000 0.0018 
11.3000 1.1940 0.0138 3000000 0.0020 
11.4000 1.2031 0.0140 3000000 0.0022 
11.5000 1.2123 0.0142 3000000 0.0024 
11.6000 1.2214 0.0143 3000000 0.0026 
11.7000 1.2305 0.0145 3000000 0.0028 
11.8000 1.2395 0.0147 3000000 0.0030 
11.9000 1.2485 0.0149 3000000 0.0032 
12.0000 1.2574 0.0150 3000000 0.0034 
12.1000 1.2663 0.0152 3000000 0.0036 
12.2000 1.2751 0.0154 3000000 0.0038 
12.3000 1.2839 0.0156 3000000 0.0040 
12.4000 1.2926 0.0158 3000000 0.0042 
12.5000 1.3012 0.0160 3000000 0.0045 
12.6000 1.3098 0.0162 3000000 0.0047 
12.7000 1.3183 0.0164 3000000 0.0050 
12.8000 1.3266 0.0167 3000000 0.0052 
12.9000 1.3349 0.0169 3000000 0.0055 
13.0000 1.3431 0.0171 3000000 0.0058 
13.1000 1.3512 0.0174 3000000 0.0060 
13.2000 1.3591 0.0176 3000000 0.0063 
13.3000 1.3669 0.0178 3000000 0.0067 
13.4000 1.3746 0.0181 3000000 0.0070 
13.5000 1.3822 0.0184 3000000 0.0073 
13.6000 1.3896 0.0186 3000000 0.0077 
13.7000 1.3967 0.0189 3000000 0.0081 
13.8000 1.4032 0.0192 3000000 0.0086 
13.9000 1.4094 0.0194 3000000 0.0091 
14.0000 1.4155 0.0197 3000000 0.0096 
14.3000 1.4332 0.0207 3000000 0.0112 
14.8000 1.4579 0.0226 3000000 0.0139 
14.9000 1.4611 0.0231 3000000 0.0146 
