NACA65-012,        free transition row= 2077
-5.0000 -0.0612 0.0426 20000 -0.0443 
-4.9000 -0.0583 0.0424 20000 -0.0438 
-4.8000 -0.0555 0.0421 20000 -0.0433 
-4.7000 -0.0527 0.0419 20000 -0.0428 
-4.6000 -0.0500 0.0417 20000 -0.0422 
-4.5000 -0.0472 0.0415 20000 -0.0417 
-4.4000 -0.0446 0.0413 20000 -0.0411 
-4.3000 -0.0421 0.0411 20000 -0.0405 
-4.2000 -0.0396 0.0410 20000 -0.0398 
-4.1000 -0.0372 0.0408 20000 -0.0392 
-4.0000 -0.0349 0.0407 20000 -0.0385 
-3.9000 -0.0327 0.0406 20000 -0.0378 
-3.8000 -0.0306 0.0404 20000 -0.0370 
-3.7000 -0.0286 0.0403 20000 -0.0363 
-3.6000 -0.0268 0.0402 20000 -0.0355 
-3.5000 -0.0251 0.0402 20000 -0.0347 
-3.4000 -0.0234 0.0401 20000 -0.0338 
-3.3000 -0.0219 0.0400 20000 -0.0329 
-3.2000 -0.0206 0.0400 20000 -0.0321 
-3.1000 -0.0193 0.0399 20000 -0.0312 
-3.0000 -0.0181 0.0399 20000 -0.0302 
-2.9000 -0.0170 0.0398 20000 -0.0293 
-2.8000 -0.0160 0.0398 20000 -0.0283 
-2.7000 -0.0151 0.0398 20000 -0.0274 
-2.6000 -0.0143 0.0398 20000 -0.0264 
-2.5000 -0.0135 0.0398 20000 -0.0254 
-2.4000 -0.0128 0.0398 20000 -0.0244 
-2.3000 -0.0121 0.0397 20000 -0.0234 
-2.2000 -0.0115 0.0397 20000 -0.0224 
-2.1000 -0.0109 0.0397 20000 -0.0214 
-2.0000 -0.0103 0.0397 20000 -0.0203 
-1.9000 -0.0097 0.0398 20000 -0.0193 
-1.8000 -0.0092 0.0398 20000 -0.0183 
-1.7000 -0.0087 0.0398 20000 -0.0173 
-1.6000 -0.0082 0.0398 20000 -0.0163 
-1.5000 -0.0076 0.0398 20000 -0.0152 
-1.4000 -0.0071 0.0398 20000 -0.0142 
-1.3000 -0.0066 0.0398 20000 -0.0132 
-1.2000 -0.0061 0.0398 20000 -0.0122 
-1.1000 -0.0056 0.0398 20000 -0.0111 
-1.0000 -0.0051 0.0398 20000 -0.0101 
-0.9000 -0.0046 0.0398 20000 -0.0091 
-0.8000 -0.0041 0.0398 20000 -0.0081 
-0.7000 -0.0036 0.0398 20000 -0.0071 
-0.6000 -0.0031 0.0398 20000 -0.0061 
-0.5000 -0.0026 0.0398 20000 -0.0051 
-0.4000 -0.0021 0.0398 20000 -0.0040 
-0.3000 -0.0016 0.0398 20000 -0.0030 
-0.2000 -0.0011 0.0398 20000 -0.0020 
-0.1000 -0.0005 0.0398 20000 -0.0010 
0.0000 -0.0000 0.0398 20000 -0.0000 
0.1000 0.0005 0.0398 20000 0.0010 
0.2000 0.0010 0.0398 20000 0.0020 
0.3000 0.0016 0.0398 20000 0.0030 
0.4000 0.0021 0.0398 20000 0.0040 
0.5000 0.0026 0.0398 20000 0.0051 
0.6000 0.0031 0.0398 20000 0.0061 
0.7000 0.0036 0.0398 20000 0.0071 
0.8000 0.0041 0.0398 20000 0.0081 
0.9000 0.0046 0.0398 20000 0.0091 
1.0000 0.0051 0.0398 20000 0.0101 
1.1000 0.0056 0.0398 20000 0.0112 
1.2000 0.0061 0.0398 20000 0.0122 
1.3000 0.0066 0.0398 20000 0.0132 
1.4000 0.0071 0.0397 20000 0.0142 
1.5000 0.0076 0.0397 20000 0.0152 
1.6000 0.0081 0.0397 20000 0.0163 
1.7000 0.0086 0.0397 20000 0.0173 
1.8000 0.0092 0.0397 20000 0.0183 
1.9000 0.0097 0.0397 20000 0.0193 
2.0000 0.0103 0.0397 20000 0.0203 
2.1000 0.0108 0.0397 20000 0.0214 
2.2000 0.0114 0.0397 20000 0.0224 
2.3000 0.0121 0.0397 20000 0.0234 
2.4000 0.0127 0.0397 20000 0.0244 
2.5000 0.0135 0.0397 20000 0.0254 
2.6000 0.0143 0.0397 20000 0.0264 
2.7000 0.0151 0.0397 20000 0.0274 
2.8000 0.0160 0.0398 20000 0.0284 
2.9000 0.0170 0.0398 20000 0.0293 
3.0000 0.0181 0.0398 20000 0.0303 
3.1000 0.0193 0.0398 20000 0.0312 
3.2000 0.0206 0.0399 20000 0.0321 
3.3000 0.0220 0.0399 20000 0.0330 
3.4000 0.0235 0.0400 20000 0.0338 
3.5000 0.0251 0.0401 20000 0.0347 
3.6000 0.0268 0.0402 20000 0.0355 
3.7000 0.0287 0.0403 20000 0.0363 
3.8000 0.0307 0.0404 20000 0.0370 
3.9000 0.0328 0.0405 20000 0.0378 
4.0000 0.0350 0.0406 20000 0.0385 
4.1000 0.0373 0.0407 20000 0.0392 
4.2000 0.0397 0.0409 20000 0.0398 
4.3000 0.0422 0.0411 20000 0.0405 
4.4000 0.0448 0.0412 20000 0.0411 
4.5000 0.0475 0.0414 20000 0.0417 
4.6000 0.0502 0.0416 20000 0.0422 
4.7000 0.0530 0.0418 20000 0.0428 
4.8000 0.0558 0.0420 20000 0.0433 
4.9000 0.0586 0.0423 20000 0.0438 
5.0000 0.0615 0.0425 20000 0.0443 
5.1000 0.0644 0.0428 20000 0.0448 
5.2000 0.0673 0.0430 20000 0.0452 
5.3000 0.0703 0.0433 20000 0.0456 
5.4000 0.0732 0.0436 20000 0.0460 
5.5000 0.0762 0.0440 20000 0.0464 
5.6000 0.0791 0.0443 20000 0.0468 
5.7000 0.0821 0.0446 20000 0.0471 
5.8000 0.0850 0.0450 20000 0.0474 
5.9000 0.0880 0.0454 20000 0.0477 
6.0000 0.0909 0.0458 20000 0.0479 
6.1000 0.0937 0.0462 20000 0.0482 
6.2000 0.0966 0.0466 20000 0.0484 
6.3000 0.0993 0.0471 20000 0.0485 
6.4000 0.1021 0.0475 20000 0.0487 
6.5000 0.1047 0.0480 20000 0.0488 
6.6000 0.1073 0.0485 20000 0.0489 
6.7000 0.1098 0.0491 20000 0.0490 
6.8000 0.1122 0.0496 20000 0.0490 
6.9000 0.1145 0.0502 20000 0.0490 
7.0000 0.1167 0.0508 20000 0.0490 
7.1000 0.1187 0.0515 20000 0.0489 
7.2000 0.1206 0.0522 20000 0.0488 
7.3000 0.1223 0.0529 20000 0.0487 
7.4000 0.1238 0.0536 20000 0.0485 
7.5000 0.1251 0.0544 20000 0.0483 
7.6000 0.1261 0.0553 20000 0.0480 
7.7000 0.1269 0.0562 20000 0.0476 
7.8000 0.1274 0.0571 20000 0.0472 
8.0000 0.1274 0.0593 20000 0.0461 
7.9000 0.1275 0.0582 20000 0.0467 
11.2000 0.3381 0.1224 20000 0.0049 
11.3000 0.3382 0.1237 20000 0.0046 
11.1000 0.3407 0.1216 20000 0.0050 
11.4000 0.3407 0.1255 20000 0.0040 
11.5000 0.3462 0.1283 20000 0.0031 
11.0000 0.3474 0.1218 20000 0.0046 
11.6000 0.3520 0.1309 20000 0.0023 
12.0000 0.3538 0.1334 20000 0.0023 
11.9000 0.3539 0.1331 20000 0.0022 
11.7000 0.3543 0.1323 20000 0.0020 
11.8000 0.3544 0.1328 20000 0.0020 
12.1000 0.3547 0.1339 20000 0.0023 
12.2000 0.3567 0.1347 20000 0.0022 
10.9000 0.3602 0.1236 20000 0.0036 
12.9000 0.3854 0.1464 20000 0.0003 
13.0000 0.3864 0.1468 20000 0.0003 
12.8000 0.3875 0.1471 20000 -0.0000 
13.1000 0.3891 0.1477 20000 0.0002 
13.2000 0.3929 0.1490 20000 -0.0001 
12.7000 0.3940 0.1493 20000 -0.0008 
13.3000 0.3979 0.1506 20000 -0.0005 
12.6000 0.4011 0.1517 20000 -0.0017 
13.4000 0.4043 0.1527 20000 -0.0010 
12.5000 0.4070 0.1534 20000 -0.0024 
12.4000 0.4117 0.1547 20000 -0.0029 
13.5000 0.4125 0.1555 20000 -0.0016 
13.6000 0.4230 0.1592 20000 -0.0025 
14.3000 0.4305 0.1639 20000 -0.0034 
14.2000 0.4312 0.1644 20000 -0.0035 
14.4000 0.4333 0.1646 20000 -0.0035 
10.5000 0.4361 0.1143 20000 0.0177 
13.7000 0.4363 0.1646 20000 -0.0037 
14.1000 0.4370 0.1671 20000 -0.0041 
10.6000 0.4384 0.1163 20000 0.0172 
14.5000 0.4385 0.1661 20000 -0.0038 
10.7000 0.4439 0.1186 20000 0.0168 
14.0000 0.4464 0.1711 20000 -0.0050 
14.6000 0.4468 0.1687 20000 -0.0043 
13.8000 0.4558 0.1740 20000 -0.0058 
13.9000 0.4563 0.1752 20000 -0.0059 
14.7000 0.4599 0.1733 20000 -0.0051 
10.8000 0.4610 0.1227 20000 0.0161 
9.8000 0.4692 0.1022 20000 0.0241 
9.9000 0.4692 0.1040 20000 0.0238 
9.7000 0.4693 0.1005 20000 0.0244 
10.0000 0.4699 0.1058 20000 0.0234 
9.6000 0.4700 0.0988 20000 0.0248 
9.5000 0.4718 0.0971 20000 0.0251 
10.1000 0.4721 0.1078 20000 0.0231 
9.4000 0.4730 0.0954 20000 0.0255 
9.3000 0.4755 0.0936 20000 0.0259 
10.2000 0.4764 0.1099 20000 0.0228 
15.0000 0.4777 0.1831 20000 -0.0068 
9.2000 0.4780 0.0919 20000 0.0263 
10.3000 0.4862 0.1127 20000 0.0225 
14.9000 0.4875 0.1876 20000 -0.0075 
14.8000 0.4965 0.1916 20000 -0.0081 
9.1000 0.5550 0.0881 20000 0.0326 
8.9000 0.5627 0.0849 20000 0.0327 
8.8000 0.5647 0.0830 20000 0.0326 
9.0000 0.5647 0.0870 20000 0.0325 
8.7000 0.5681 0.0811 20000 0.0325 
8.6000 0.5721 0.0794 20000 0.0323 
8.5000 0.5774 0.0778 20000 0.0319 
8.4000 0.5822 0.0762 20000 0.0315 
8.3000 0.5887 0.0747 20000 0.0309 
8.2000 0.5950 0.0731 20000 0.0304 
8.1000 0.6007 0.0716 20000 0.0298 
-3.7000 -0.2780 0.0000 50000 -0.0101 
-3.8000 -0.2721 0.0000 50000 -0.0102 
-3.9000 -0.2659 0.0000 50000 -0.0101 
-4.0000 -0.2596 0.0000 50000 -0.0100 
-4.1000 -0.2537 0.0000 50000 -0.0098 
-4.2000 -0.2472 0.0001 50000 -0.0095 
-4.3000 -0.2407 0.0001 50000 -0.0092 
-4.4000 -0.2341 0.0001 50000 -0.0088 
-4.5000 -0.2284 0.0001 50000 -0.0085 
-4.6000 -0.2219 0.0001 50000 -0.0082 
-4.7000 -0.2152 0.0002 50000 -0.0078 
-4.8000 -0.2082 0.0002 50000 -0.0073 
-4.9000 -0.2020 0.0003 50000 -0.0070 
-5.0000 -0.1943 0.0004 50000 -0.0066 
-3.3000 -0.0682 0.0364 50000 -0.0209 
-3.2000 -0.0620 0.0362 50000 -0.0210 
-3.1000 -0.0546 0.0362 50000 -0.0214 
-3.0000 -0.0446 0.0361 50000 -0.0222 
-2.9000 -0.0307 0.0362 50000 -0.0237 
-2.4000 -0.0144 0.0369 50000 -0.0216 
-2.3000 -0.0144 0.0369 50000 -0.0206 
-2.2000 -0.0144 0.0370 50000 -0.0196 
-2.5000 -0.0143 0.0368 50000 -0.0226 
-2.6000 -0.0142 0.0367 50000 -0.0236 
-2.1000 -0.0142 0.0370 50000 -0.0186 
-2.0000 -0.0141 0.0371 50000 -0.0177 
-2.7000 -0.0139 0.0366 50000 -0.0247 
-1.9000 -0.0138 0.0372 50000 -0.0167 
-2.8000 -0.0137 0.0365 50000 -0.0257 
-1.8000 -0.0135 0.0372 50000 -0.0158 
-1.7000 -0.0131 0.0372 50000 -0.0149 
-1.6000 -0.0126 0.0373 50000 -0.0139 
-1.5000 -0.0121 0.0373 50000 -0.0130 
-1.4000 -0.0115 0.0374 50000 -0.0121 
-1.3000 -0.0109 0.0374 50000 -0.0112 
-1.2000 -0.0102 0.0374 50000 -0.0104 
-1.1000 -0.0095 0.0374 50000 -0.0095 
-1.0000 -0.0088 0.0375 50000 -0.0086 
-0.9000 -0.0080 0.0375 50000 -0.0077 
-0.8000 -0.0072 0.0375 50000 -0.0068 
-0.7000 -0.0063 0.0375 50000 -0.0060 
-0.6000 -0.0055 0.0375 50000 -0.0051 
-0.5000 -0.0046 0.0376 50000 -0.0043 
-0.4000 -0.0037 0.0376 50000 -0.0034 
-0.3000 -0.0028 0.0376 50000 -0.0026 
-0.2000 -0.0019 0.0376 50000 -0.0017 
-0.1000 -0.0009 0.0376 50000 -0.0009 
0.0000 -0.0000 0.0376 50000 -0.0000 
0.1000 0.0009 0.0376 50000 0.0009 
0.2000 0.0018 0.0376 50000 0.0017 
0.3000 0.0028 0.0376 50000 0.0026 
0.4000 0.0037 0.0376 50000 0.0034 
0.5000 0.0046 0.0375 50000 0.0043 
0.6000 0.0055 0.0375 50000 0.0051 
0.7000 0.0063 0.0375 50000 0.0060 
0.8000 0.0072 0.0375 50000 0.0069 
0.9000 0.0080 0.0375 50000 0.0077 
1.0000 0.0088 0.0374 50000 0.0086 
1.1000 0.0095 0.0374 50000 0.0095 
1.2000 0.0102 0.0374 50000 0.0104 
1.3000 0.0109 0.0374 50000 0.0112 
1.4000 0.0115 0.0373 50000 0.0121 
1.5000 0.0120 0.0373 50000 0.0130 
1.6000 0.0126 0.0372 50000 0.0140 
1.7000 0.0130 0.0372 50000 0.0149 
1.8000 0.0134 0.0372 50000 0.0158 
2.8000 0.0135 0.0364 50000 0.0257 
1.9000 0.0137 0.0371 50000 0.0167 
2.7000 0.0138 0.0365 50000 0.0247 
2.0000 0.0140 0.0370 50000 0.0177 
2.6000 0.0141 0.0366 50000 0.0236 
2.1000 0.0142 0.0370 50000 0.0187 
2.5000 0.0142 0.0367 50000 0.0226 
2.2000 0.0143 0.0369 50000 0.0196 
2.3000 0.0143 0.0369 50000 0.0206 
2.4000 0.0143 0.0368 50000 0.0216 
3.8000 0.1488 0.0389 50000 0.0116 
3.9000 0.1492 0.0386 50000 0.0127 
4.0000 0.1529 0.0385 50000 0.0132 
3.7000 0.1537 0.0397 50000 0.0095 
4.1000 0.1598 0.0386 50000 0.0132 
4.2000 0.1730 0.0390 50000 0.0120 
4.3000 0.2124 0.0403 50000 0.0066 
4.5000 0.2224 0.0405 50000 0.0076 
4.6000 0.2225 0.0403 50000 0.0089 
4.4000 0.2310 0.0411 50000 0.0048 
4.7000 0.2325 0.0404 50000 0.0086 
4.8000 0.2680 0.0412 50000 0.0045 
5.1000 0.3098 0.0413 50000 0.0034 
5.0000 0.3330 0.0408 50000 -0.0004 
4.9000 0.3505 0.0403 50000 -0.0035 
10.4000 0.4076 0.1054 50000 0.0192 
10.5000 0.4078 0.1067 50000 0.0190 
10.3000 0.4082 0.1041 50000 0.0194 
10.6000 0.4135 0.1086 50000 0.0195 
10.7000 0.4147 0.1101 50000 0.0193 
10.8000 0.4176 0.1116 50000 0.0192 
10.9000 0.4222 0.1132 50000 0.0191 
11.9000 0.4257 0.1253 50000 0.0177 
11.8000 0.4270 0.1247 50000 0.0178 
12.0000 0.4272 0.1263 50000 0.0176 
11.0000 0.4288 0.1150 50000 0.0191 
12.1000 0.4306 0.1275 50000 0.0175 
12.2000 0.4359 0.1289 50000 0.0175 
11.7000 0.4364 0.1256 50000 0.0180 
11.1000 0.4376 0.1170 50000 0.0191 
12.3000 0.4439 0.1306 50000 0.0176 
11.2000 0.4491 0.1196 50000 0.0191 
13.3000 0.4546 0.1429 50000 0.0148 
12.4000 0.4548 0.1327 50000 0.0178 
13.4000 0.4562 0.1437 50000 0.0147 
13.2000 0.4566 0.1427 50000 0.0152 
13.1000 0.4648 0.1437 50000 0.0157 
11.3000 0.4651 0.1232 50000 0.0191 
12.5000 0.4722 0.1360 50000 0.0182 
10.2000 0.4724 0.0954 50000 0.0331 
14.0000 0.4731 0.1510 50000 0.0142 
13.0000 0.4746 0.1452 50000 0.0163 
11.6000 0.4748 0.1327 50000 0.0180 
10.1000 0.4750 0.0925 50000 0.0342 
13.9000 0.4752 0.1508 50000 0.0147 
14.2000 0.4772 0.1532 50000 0.0136 
13.8000 0.4783 0.1507 50000 0.0153 
14.3000 0.4815 0.1546 50000 0.0135 
12.9000 0.4859 0.1470 50000 0.0168 
13.7000 0.4871 0.1520 50000 0.0162 
14.4000 0.4875 0.1563 50000 0.0136 
10.0000 0.4887 0.0892 50000 0.0364 
11.5000 0.4896 0.1346 50000 0.0181 
12.8000 0.4943 0.1481 50000 0.0174 
13.6000 0.4956 0.1533 50000 0.0170 
14.5000 0.4983 0.1588 50000 0.0140 
11.4000 0.4989 0.1353 50000 0.0183 
13.5000 0.5025 0.1543 50000 0.0178 
12.7000 0.5030 0.1492 50000 0.0178 
12.6000 0.5115 0.1500 50000 0.0183 
9.9000 0.5172 0.0850 50000 0.0404 
9.8000 0.5416 0.0821 50000 0.0429 
14.8000 0.5416 0.1811 50000 0.0143 
14.7000 0.5417 0.1802 50000 0.0149 
14.9000 0.5417 0.1820 50000 0.0137 
9.6000 0.5466 0.0786 50000 0.0447 
9.5000 0.5524 0.0763 50000 0.0449 
9.4000 0.5594 0.0745 50000 0.0451 
9.3000 0.5682 0.0727 50000 0.0451 
9.2000 0.5774 0.0710 50000 0.0449 
9.1000 0.5872 0.0695 50000 0.0445 
9.0000 0.5973 0.0681 50000 0.0438 
8.9000 0.6072 0.0669 50000 0.0429 
8.8000 0.6176 0.0657 50000 0.0417 
8.7000 0.6281 0.0646 50000 0.0403 
5.2000 0.6359 0.0320 50000 -0.0044 
8.6000 0.6380 0.0636 50000 0.0388 
5.3000 0.6462 0.0331 50000 -0.0041 
8.5000 0.6473 0.0624 50000 0.0373 
5.4000 0.6550 0.0344 50000 -0.0036 
8.4000 0.6553 0.0613 50000 0.0360 
5.5000 0.6618 0.0356 50000 -0.0030 
8.3000 0.6637 0.0601 50000 0.0346 
5.6000 0.6678 0.0366 50000 -0.0021 
8.2000 0.6715 0.0589 50000 0.0331 
5.7000 0.6729 0.0374 50000 -0.0012 
5.8000 0.6777 0.0383 50000 -0.0002 
8.1000 0.6785 0.0577 50000 0.0317 
5.9000 0.6821 0.0391 50000 0.0008 
8.0000 0.6853 0.0566 50000 0.0302 
6.0000 0.6863 0.0399 50000 0.0019 
6.1000 0.6901 0.0406 50000 0.0029 
7.9000 0.6915 0.0554 50000 0.0286 
6.2000 0.6938 0.0413 50000 0.0041 
6.3000 0.6972 0.0420 50000 0.0052 
7.8000 0.6973 0.0543 50000 0.0270 
6.4000 0.7003 0.0426 50000 0.0064 
7.7000 0.7028 0.0532 50000 0.0253 
6.5000 0.7033 0.0433 50000 0.0077 
6.6000 0.7061 0.0439 50000 0.0089 
7.6000 0.7075 0.0521 50000 0.0237 
6.7000 0.7084 0.0446 50000 0.0103 
7.5000 0.7100 0.0510 50000 0.0221 
6.8000 0.7105 0.0452 50000 0.0116 
7.4000 0.7120 0.0499 50000 0.0206 
6.9000 0.7123 0.0459 50000 0.0130 
7.3000 0.7134 0.0489 50000 0.0190 
7.0000 0.7135 0.0465 50000 0.0144 
7.2000 0.7141 0.0481 50000 0.0175 
7.1000 0.7142 0.0473 50000 0.0159 
-5.0000 -0.6721 0.0274 100000 0.0149 
-4.9000 -0.6589 0.0268 100000 0.0146 
-4.8000 -0.6457 0.0261 100000 0.0142 
-4.7000 -0.6327 0.0255 100000 0.0140 
-4.6000 -0.6198 0.0244 100000 0.0142 
-4.5000 -0.6078 0.0240 100000 0.0140 
-4.4000 -0.5962 0.0236 100000 0.0138 
-4.3000 -0.5850 0.0232 100000 0.0136 
-4.2000 -0.5737 0.0230 100000 0.0134 
-4.1000 -0.5628 0.0227 100000 0.0132 
-4.0000 -0.5560 0.0220 100000 0.0137 
-3.9000 -0.5474 0.0216 100000 0.0137 
-3.8000 -0.5374 0.0213 100000 0.0136 
-3.7000 -0.5267 0.0210 100000 0.0135 
-3.4000 -0.5250 0.0175 100000 0.0176 
-3.3000 -0.5224 0.0183 100000 0.0218 
-3.6000 -0.5174 0.0205 100000 0.0138 
-3.2000 -0.5094 0.0192 100000 0.0231 
-3.1000 -0.4953 0.0203 100000 0.0239 
-3.0000 -0.4773 0.0216 100000 0.0246 
-2.9000 -0.4474 0.0241 100000 0.0252 
-2.8000 -0.4311 0.0254 100000 0.0262 
-2.0000 -0.2980 0.0288 100000 0.0220 
-2.6000 -0.2833 0.0294 100000 0.0107 
-1.9000 -0.2761 0.0287 100000 0.0198 
-2.5000 -0.2622 0.0295 100000 0.0085 
-2.1000 -0.2560 0.0293 100000 0.0134 
-1.8000 -0.2548 0.0286 100000 0.0176 
-2.4000 -0.2414 0.0297 100000 0.0063 
-1.7000 -0.2334 0.0286 100000 0.0155 
-2.2000 -0.2314 0.0296 100000 0.0076 
-2.3000 -0.2211 0.0299 100000 0.0041 
-1.6000 -0.2120 0.0286 100000 0.0133 
-1.5000 -0.1913 0.0286 100000 0.0113 
-1.4000 -0.1716 0.0286 100000 0.0094 
-1.3000 -0.1524 0.0286 100000 0.0076 
-1.2000 -0.1344 0.0286 100000 0.0060 
-1.1000 -0.1178 0.0286 100000 0.0045 
-1.0000 -0.1014 0.0286 100000 0.0031 
-0.9000 -0.0852 0.0286 100000 0.0017 
-0.8000 -0.0694 0.0285 100000 0.0004 
-0.7000 -0.0535 0.0285 100000 -0.0010 
0.1000 -0.0417 0.0290 100000 0.0091 
-0.6000 -0.0378 0.0285 100000 -0.0023 
0.2000 -0.0250 0.0288 100000 0.0076 
-0.5000 -0.0221 0.0285 100000 -0.0036 
0.3000 -0.0088 0.0286 100000 0.0062 
-0.4000 -0.0066 0.0286 100000 -0.0049 
0.0000 -0.0001 0.0289 100000 0.0000 
0.4000 0.0067 0.0286 100000 0.0049 
-0.3000 0.0088 0.0286 100000 -0.0062 
0.5000 0.0222 0.0285 100000 0.0036 
-0.2000 0.0251 0.0288 100000 -0.0077 
0.6000 0.0379 0.0285 100000 0.0023 
-0.1000 0.0418 0.0290 100000 -0.0091 
0.7000 0.0536 0.0285 100000 0.0010 
0.8000 0.0694 0.0285 100000 -0.0004 
0.9000 0.0853 0.0285 100000 -0.0017 
1.0000 0.1014 0.0286 100000 -0.0031 
1.1000 0.1178 0.0286 100000 -0.0045 
1.2000 0.1345 0.0286 100000 -0.0060 
1.3000 0.1524 0.0286 100000 -0.0076 
1.4000 0.1715 0.0286 100000 -0.0094 
1.5000 0.1912 0.0286 100000 -0.0113 
1.6000 0.2120 0.0286 100000 -0.0133 
2.3000 0.2216 0.0299 100000 -0.0042 
2.2000 0.2315 0.0296 100000 -0.0076 
1.7000 0.2333 0.0286 100000 -0.0155 
2.4000 0.2417 0.0297 100000 -0.0063 
1.8000 0.2547 0.0286 100000 -0.0176 
2.1000 0.2567 0.0292 100000 -0.0135 
2.5000 0.2626 0.0295 100000 -0.0085 
1.9000 0.2760 0.0286 100000 -0.0198 
2.6000 0.2836 0.0294 100000 -0.0107 
2.0000 0.2978 0.0288 100000 -0.0220 
2.7000 0.3060 0.0292 100000 -0.0131 
2.8000 0.3307 0.0290 100000 -0.0156 
2.9000 0.4477 0.0240 100000 -0.0252 
11.1000 0.4615 0.1015 100000 0.0334 
11.0000 0.4619 0.1004 100000 0.0337 
12.5000 0.4754 0.1200 100000 0.0300 
12.4000 0.4756 0.1188 100000 0.0306 
12.6000 0.4759 0.1212 100000 0.0294 
12.3000 0.4761 0.1177 100000 0.0314 
12.2000 0.4762 0.1170 100000 0.0321 
12.1000 0.4768 0.1190 100000 0.0330 
3.0000 0.4775 0.0215 100000 -0.0247 
12.7000 0.4775 0.1224 100000 0.0290 
12.0000 0.4785 0.1191 100000 0.0338 
11.9000 0.4795 0.1180 100000 0.0345 
12.8000 0.4799 0.1237 100000 0.0288 
11.8000 0.4815 0.1167 100000 0.0353 
11.7000 0.4829 0.1153 100000 0.0361 
12.9000 0.4831 0.1249 100000 0.0287 
11.2000 0.4860 0.0995 100000 0.0370 
13.0000 0.4877 0.1262 100000 0.0287 
14.6000 0.4917 0.1518 100000 0.0176 
14.7000 0.4921 0.1531 100000 0.0169 
14.5000 0.4923 0.1506 100000 0.0185 
13.1000 0.4927 0.1275 100000 0.0289 
14.8000 0.4927 0.1545 100000 0.0162 
14.4000 0.4941 0.1495 100000 0.0196 
3.1000 0.4955 0.0202 100000 -0.0239 
14.3000 0.4973 0.1486 100000 0.0208 
11.5000 0.5004 0.1076 100000 0.0395 
13.2000 0.5024 0.1291 100000 0.0297 
14.1000 0.5049 0.1472 100000 0.0234 
14.0000 0.5080 0.1463 100000 0.0246 
13.9000 0.5093 0.1452 100000 0.0255 
3.2000 0.5096 0.0192 100000 -0.0231 
13.8000 0.5097 0.1439 100000 0.0264 
13.7000 0.5107 0.1425 100000 0.0273 
11.3000 0.5114 0.0992 100000 0.0409 
13.6000 0.5114 0.1410 100000 0.0282 
13.5000 0.5119 0.1395 100000 0.0290 
11.4000 0.5123 0.1019 100000 0.0411 
13.4000 0.5127 0.1379 100000 0.0299 
13.3000 0.5134 0.1362 100000 0.0308 
3.5000 0.5145 0.0193 100000 -0.0146 
3.6000 0.5175 0.0205 100000 -0.0138 
3.3000 0.5225 0.0183 100000 -0.0218 
3.4000 0.5254 0.0175 100000 -0.0177 
3.7000 0.5269 0.0210 100000 -0.0135 
10.9000 0.5336 0.0838 100000 0.0485 
10.8000 0.5371 0.0816 100000 0.0490 
3.8000 0.5376 0.0213 100000 -0.0137 
10.7000 0.5409 0.0795 100000 0.0496 
3.9000 0.5474 0.0216 100000 -0.0137 
10.6000 0.5481 0.0773 100000 0.0504 
4.0000 0.5562 0.0220 100000 -0.0137 
10.5000 0.5577 0.0752 100000 0.0512 
4.1000 0.5630 0.0227 100000 -0.0132 
10.4000 0.5671 0.0731 100000 0.0518 
4.2000 0.5739 0.0230 100000 -0.0134 
10.3000 0.5777 0.0710 100000 0.0523 
4.3000 0.5851 0.0232 100000 -0.0136 
10.2000 0.5892 0.0691 100000 0.0525 
4.4000 0.5964 0.0236 100000 -0.0138 
10.1000 0.6054 0.0670 100000 0.0525 
4.5000 0.6079 0.0240 100000 -0.0140 
4.6000 0.6200 0.0244 100000 -0.0143 
10.0000 0.6240 0.0652 100000 0.0521 
4.7000 0.6328 0.0255 100000 -0.0140 
4.8000 0.6459 0.0261 100000 -0.0143 
4.9000 0.6591 0.0268 100000 -0.0146 
9.9000 0.6627 0.0637 100000 0.0497 
5.0000 0.6724 0.0274 100000 -0.0150 
9.8000 0.6757 0.0631 100000 0.0478 
5.1000 0.6815 0.0280 100000 -0.0146 
9.7000 0.6850 0.0628 100000 0.0459 
5.2000 0.6874 0.0286 100000 -0.0138 
9.6000 0.6923 0.0625 100000 0.0439 
5.3000 0.6930 0.0291 100000 -0.0129 
5.4000 0.6985 0.0297 100000 -0.0119 
9.5000 0.6992 0.0620 100000 0.0421 
9.4000 0.7025 0.0617 100000 0.0405 
5.5000 0.7037 0.0303 100000 -0.0110 
9.3000 0.7068 0.0608 100000 0.0391 
5.6000 0.7085 0.0309 100000 -0.0100 
9.2000 0.7094 0.0601 100000 0.0378 
9.1000 0.7121 0.0593 100000 0.0365 
5.7000 0.7130 0.0316 100000 -0.0089 
9.0000 0.7143 0.0584 100000 0.0352 
8.9000 0.7158 0.0576 100000 0.0340 
5.8000 0.7173 0.0323 100000 -0.0079 
8.8000 0.7180 0.0566 100000 0.0327 
8.7000 0.7200 0.0556 100000 0.0314 
8.6000 0.7210 0.0547 100000 0.0302 
5.9000 0.7211 0.0331 100000 -0.0067 
8.5000 0.7226 0.0536 100000 0.0288 
8.4000 0.7227 0.0529 100000 0.0276 
6.0000 0.7245 0.0338 100000 -0.0056 
8.3000 0.7247 0.0518 100000 0.0262 
8.2000 0.7261 0.0508 100000 0.0247 
8.1000 0.7268 0.0500 100000 0.0233 
6.1000 0.7275 0.0346 100000 -0.0044 
8.0000 0.7279 0.0491 100000 0.0218 
7.9000 0.7290 0.0483 100000 0.0203 
6.2000 0.7301 0.0355 100000 -0.0031 
7.8000 0.7320 0.0471 100000 0.0186 
6.3000 0.7322 0.0363 100000 -0.0018 
6.4000 0.7340 0.0372 100000 -0.0005 
6.5000 0.7355 0.0379 100000 0.0008 
7.7000 0.7364 0.0457 100000 0.0168 
6.6000 0.7368 0.0385 100000 0.0022 
6.7000 0.7378 0.0390 100000 0.0036 
6.8000 0.7386 0.0395 100000 0.0051 
6.9000 0.7392 0.0399 100000 0.0065 
7.0000 0.7399 0.0402 100000 0.0079 
7.6000 0.7400 0.0443 100000 0.0151 
7.1000 0.7408 0.0404 100000 0.0092 
7.5000 0.7433 0.0428 100000 0.0134 
7.2000 0.7435 0.0404 100000 0.0101 
7.4000 0.7456 0.0415 100000 0.0120 
7.3000 0.7460 0.0406 100000 0.0108 
-5.0000 -0.5165 0.0217 150000 -0.0104 
-4.9000 -0.5010 0.0213 150000 -0.0114 
-4.8000 -0.4856 0.0209 150000 -0.0124 
-4.7000 -0.4735 0.0199 150000 -0.0128 
-4.6000 -0.4620 0.0193 150000 -0.0132 
-4.5000 -0.4504 0.0189 150000 -0.0137 
-4.4000 -0.4455 0.0185 150000 -0.0128 
-4.3000 -0.4415 0.0182 150000 -0.0116 
-3.7000 -0.4361 0.0140 150000 -0.0021 
-4.2000 -0.4358 0.0180 150000 -0.0108 
-3.8000 -0.4343 0.0145 150000 -0.0049 
-3.6000 -0.4266 0.0142 150000 -0.0011 
-3.9000 -0.4257 0.0161 150000 -0.0074 
-4.0000 -0.4250 0.0172 150000 -0.0090 
-3.5000 -0.4135 0.0145 150000 -0.0006 
-3.4000 -0.4004 0.0147 150000 -0.0007 
-3.3000 -0.3863 0.0150 150000 -0.0007 
-3.2000 -0.3711 0.0157 150000 -0.0001 
-3.1000 -0.3567 0.0163 150000 0.0002 
-3.0000 -0.3436 0.0167 150000 0.0002 
-2.9000 -0.3273 0.0171 150000 0.0005 
-2.8000 -0.3038 0.0183 150000 0.0005 
-2.7000 -0.2813 0.0192 150000 -0.0001 
-2.6000 -0.2635 0.0196 150000 -0.0008 
-2.5000 -0.2495 0.0196 150000 -0.0015 
-2.4000 -0.2378 0.0197 150000 -0.0019 
-2.2000 -0.2345 0.0196 150000 0.0009 
-2.3000 -0.2343 0.0197 150000 -0.0008 
-2.1000 -0.2321 0.0196 150000 0.0022 
-2.0000 -0.2249 0.0193 150000 0.0028 
-1.9000 -0.2138 0.0192 150000 0.0028 
-1.8000 -0.2015 0.0192 150000 0.0027 
-1.7000 -0.1887 0.0192 150000 0.0024 
-1.6000 -0.1758 0.0192 150000 0.0020 
-1.5000 -0.1631 0.0192 150000 0.0017 
-1.4000 -0.1504 0.0192 150000 0.0013 
-1.3000 -0.1375 0.0192 150000 0.0009 
-1.2000 -0.1246 0.0191 150000 0.0005 
-1.1000 -0.1115 0.0191 150000 0.0000 
-1.0000 -0.0985 0.0191 150000 -0.0005 
-0.9000 -0.0853 0.0191 150000 -0.0010 
-0.8000 -0.0724 0.0190 150000 -0.0014 
-0.7000 -0.0598 0.0190 150000 -0.0018 
-0.6000 -0.0476 0.0190 150000 -0.0021 
-0.5000 -0.0358 0.0190 150000 -0.0024 
-0.4000 -0.0242 0.0190 150000 -0.0026 
-0.3000 -0.0137 0.0190 150000 -0.0026 
-0.2000 -0.0055 0.0192 150000 -0.0023 
-0.1000 -0.0019 0.0193 150000 -0.0013 
0.0000 -0.0000 0.0193 150000 0.0000 
0.1000 0.0019 0.0193 150000 0.0013 
0.2000 0.0055 0.0192 150000 0.0023 
0.3000 0.0138 0.0190 150000 0.0026 
0.4000 0.0242 0.0190 150000 0.0026 
0.5000 0.0358 0.0189 150000 0.0024 
0.6000 0.0477 0.0190 150000 0.0021 
0.7000 0.0599 0.0190 150000 0.0018 
0.8000 0.0725 0.0190 150000 0.0014 
0.9000 0.0854 0.0191 150000 0.0009 
1.0000 0.0985 0.0191 150000 0.0005 
1.1000 0.1116 0.0191 150000 -0.0000 
1.2000 0.1246 0.0191 150000 -0.0005 
1.3000 0.1376 0.0191 150000 -0.0009 
1.4000 0.1504 0.0192 150000 -0.0013 
1.5000 0.1631 0.0192 150000 -0.0017 
1.6000 0.1758 0.0192 150000 -0.0020 
1.7000 0.1887 0.0192 150000 -0.0024 
1.8000 0.2015 0.0192 150000 -0.0027 
1.9000 0.2138 0.0192 150000 -0.0028 
2.0000 0.2248 0.0193 150000 -0.0028 
2.1000 0.2321 0.0196 150000 -0.0022 
2.3000 0.2343 0.0197 150000 0.0008 
2.2000 0.2345 0.0196 150000 -0.0009 
2.4000 0.2379 0.0197 150000 0.0019 
2.5000 0.2496 0.0196 150000 0.0015 
2.6000 0.2636 0.0196 150000 0.0008 
2.7000 0.2812 0.0193 150000 0.0000 
2.8000 0.3040 0.0183 150000 -0.0005 
2.9000 0.3273 0.0171 150000 -0.0005 
3.0000 0.3437 0.0166 150000 -0.0002 
3.1000 0.3568 0.0163 150000 -0.0002 
3.2000 0.3712 0.0157 150000 0.0001 
3.3000 0.3863 0.0150 150000 0.0006 
3.4000 0.4005 0.0147 150000 0.0006 
3.5000 0.4135 0.0145 150000 0.0006 
4.0000 0.4251 0.0172 150000 0.0090 
3.9000 0.4257 0.0161 150000 0.0074 
3.6000 0.4266 0.0142 150000 0.0011 
4.1000 0.4290 0.0177 150000 0.0101 
4.2000 0.4358 0.0180 150000 0.0108 
3.7000 0.4362 0.0140 150000 0.0021 
4.3000 0.4415 0.0182 150000 0.0116 
4.4000 0.4455 0.0185 150000 0.0128 
4.5000 0.4506 0.0188 150000 0.0137 
4.6000 0.4622 0.0193 150000 0.0132 
4.7000 0.4736 0.0200 150000 0.0128 
4.8000 0.4858 0.0209 150000 0.0123 
14.1000 0.4921 0.1434 150000 0.0240 
14.8000 0.4927 0.1517 150000 0.0177 
14.6000 0.4928 0.1491 150000 0.0196 
14.7000 0.4928 0.1503 150000 0.0186 
14.2000 0.4931 0.1448 150000 0.0233 
14.9000 0.4932 0.1531 150000 0.0169 
14.5000 0.4937 0.1480 150000 0.0206 
15.0000 0.4939 0.1545 150000 0.0162 
14.4000 0.4946 0.1471 150000 0.0217 
4.9000 0.5012 0.0213 150000 0.0113 
11.6000 0.5047 0.0928 150000 0.0424 
12.2000 0.5066 0.1051 150000 0.0412 
11.5000 0.5090 0.0902 150000 0.0435 
12.1000 0.5138 0.1014 150000 0.0426 
11.4000 0.5144 0.0875 150000 0.0449 
5.0000 0.5168 0.0217 150000 0.0104 
12.0000 0.5179 0.0986 150000 0.0437 
11.3000 0.5202 0.0846 150000 0.0464 
11.9000 0.5213 0.0962 150000 0.0448 
11.8000 0.5250 0.0937 150000 0.0458 
11.2000 0.5278 0.0816 150000 0.0481 
5.1000 0.5324 0.0222 150000 0.0094 
11.1000 0.5368 0.0788 150000 0.0497 
11.0000 0.5458 0.0762 150000 0.0511 
5.2000 0.5479 0.0228 150000 0.0085 
10.9000 0.5557 0.0738 150000 0.0522 
5.3000 0.5641 0.0239 150000 0.0080 
10.8000 0.5660 0.0715 150000 0.0531 
10.7000 0.5764 0.0695 150000 0.0537 
5.4000 0.5796 0.0247 150000 0.0072 
10.6000 0.5869 0.0675 150000 0.0542 
5.5000 0.5950 0.0255 150000 0.0064 
10.5000 0.5974 0.0658 150000 0.0543 
10.4000 0.6081 0.0641 150000 0.0543 
5.6000 0.6100 0.0264 150000 0.0056 
10.3000 0.6186 0.0624 150000 0.0540 
5.7000 0.6246 0.0273 150000 0.0049 
10.2000 0.6288 0.0609 150000 0.0536 
5.8000 0.6386 0.0284 150000 0.0042 
10.1000 0.6405 0.0594 150000 0.0528 
10.0000 0.6508 0.0582 150000 0.0519 
5.9000 0.6522 0.0293 150000 0.0036 
9.9000 0.6620 0.0569 150000 0.0507 
6.0000 0.6653 0.0302 150000 0.0030 
9.8000 0.6726 0.0557 150000 0.0493 
6.1000 0.6787 0.0305 150000 0.0024 
9.7000 0.6836 0.0546 150000 0.0477 
6.2000 0.6918 0.0308 150000 0.0017 
9.6000 0.6949 0.0535 150000 0.0457 
9.5000 0.7034 0.0526 150000 0.0439 
6.3000 0.7049 0.0310 150000 0.0011 
6.4000 0.7172 0.0314 150000 0.0006 
6.5000 0.7291 0.0317 150000 0.0000 
9.1000 0.7317 0.0491 150000 0.0362 
9.0000 0.7347 0.0482 150000 0.0348 
8.9000 0.7372 0.0474 150000 0.0334 
8.8000 0.7385 0.0466 150000 0.0321 
8.7000 0.7396 0.0459 150000 0.0308 
6.6000 0.7406 0.0322 150000 -0.0004 
8.6000 0.7412 0.0451 150000 0.0293 
8.5000 0.7423 0.0444 150000 0.0279 
8.4000 0.7441 0.0436 150000 0.0263 
8.3000 0.7455 0.0429 150000 0.0247 
8.2000 0.7473 0.0423 150000 0.0230 
8.1000 0.7494 0.0416 150000 0.0212 
6.7000 0.7517 0.0329 150000 -0.0008 
8.0000 0.7517 0.0410 150000 0.0194 
7.9000 0.7541 0.0404 150000 0.0175 
7.8000 0.7565 0.0398 150000 0.0155 
7.7000 0.7587 0.0392 150000 0.0136 
7.6000 0.7607 0.0386 150000 0.0118 
6.8000 0.7624 0.0339 150000 -0.0011 
7.5000 0.7624 0.0381 150000 0.0100 
7.4000 0.7635 0.0375 150000 0.0082 
6.9000 0.7638 0.0345 150000 0.0003 
7.3000 0.7644 0.0369 150000 0.0065 
7.0000 0.7645 0.0351 150000 0.0018 
7.2000 0.7648 0.0363 150000 0.0049 
7.1000 0.7649 0.0357 150000 0.0033 
-5.0000 -0.4504 0.0178 200000 -0.0218 
-4.9000 -0.4435 0.0175 200000 -0.0211 
-4.8000 -0.4361 0.0172 200000 -0.0205 
-4.7000 -0.4281 0.0169 200000 -0.0201 
-4.6000 -0.4195 0.0166 200000 -0.0197 
-4.5000 -0.4102 0.0163 200000 -0.0195 
-4.4000 -0.4004 0.0161 200000 -0.0194 
-4.3000 -0.3945 0.0155 200000 -0.0185 
-3.9000 -0.3897 0.0118 200000 -0.0133 
-3.8000 -0.3861 0.0116 200000 -0.0116 
-4.2000 -0.3860 0.0151 200000 -0.0182 
-4.0000 -0.3841 0.0131 200000 -0.0158 
-4.1000 -0.3797 0.0145 200000 -0.0176 
-3.7000 -0.3771 0.0117 200000 -0.0108 
-3.6000 -0.3677 0.0120 200000 -0.0104 
-3.5000 -0.3584 0.0120 200000 -0.0096 
-3.4000 -0.3489 0.0121 200000 -0.0091 
-3.3000 -0.3398 0.0123 200000 -0.0084 
-3.2000 -0.3311 0.0124 200000 -0.0078 
-3.1000 -0.3212 0.0125 200000 -0.0071 
-3.0000 -0.3110 0.0128 200000 -0.0064 
-2.9000 -0.3006 0.0130 200000 -0.0058 
-2.8000 -0.2902 0.0132 200000 -0.0053 
-2.7000 -0.2801 0.0135 200000 -0.0047 
-2.6000 -0.2702 0.0137 200000 -0.0041 
-2.5000 -0.2603 0.0138 200000 -0.0035 
-2.4000 -0.2491 0.0140 200000 -0.0028 
-2.3000 -0.2371 0.0142 200000 -0.0024 
-2.2000 -0.2254 0.0144 200000 -0.0021 
-2.1000 -0.2142 0.0144 200000 -0.0019 
-2.0000 -0.2032 0.0144 200000 -0.0018 
-1.9000 -0.1925 0.0144 200000 -0.0016 
-1.8000 -0.1822 0.0144 200000 -0.0014 
-1.7000 -0.1721 0.0145 200000 -0.0012 
-1.6000 -0.1623 0.0146 200000 -0.0011 
-1.5000 -0.1526 0.0146 200000 -0.0010 
-1.4000 -0.1427 0.0145 200000 -0.0010 
-1.3000 -0.1329 0.0145 200000 -0.0009 
-1.2000 -0.1231 0.0145 200000 -0.0009 
-1.1000 -0.1132 0.0144 200000 -0.0009 
-1.0000 -0.1032 0.0144 200000 -0.0009 
-0.9000 -0.0931 0.0144 200000 -0.0009 
-0.8000 -0.0829 0.0144 200000 -0.0009 
-0.7000 -0.0732 0.0143 200000 -0.0008 
-0.6000 -0.0636 0.0141 200000 -0.0007 
-0.5000 -0.0534 0.0141 200000 -0.0005 
-0.4000 -0.0429 0.0141 200000 -0.0004 
-0.3000 -0.0323 0.0141 200000 -0.0002 
-0.2000 -0.0216 0.0141 200000 -0.0001 
-0.1000 -0.0108 0.0141 200000 -0.0001 
0.0000 -0.0000 0.0141 200000 0.0000 
0.1000 0.0108 0.0141 200000 0.0001 
0.2000 0.0216 0.0141 200000 0.0001 
0.3000 0.0323 0.0141 200000 0.0002 
0.4000 0.0429 0.0141 200000 0.0004 
0.5000 0.0534 0.0141 200000 0.0005 
0.6000 0.0636 0.0141 200000 0.0007 
0.7000 0.0732 0.0143 200000 0.0008 
0.8000 0.0829 0.0144 200000 0.0009 
0.9000 0.0931 0.0144 200000 0.0009 
1.0000 0.1032 0.0144 200000 0.0009 
1.1000 0.1132 0.0144 200000 0.0009 
1.2000 0.1231 0.0145 200000 0.0009 
1.3000 0.1329 0.0145 200000 0.0009 
1.4000 0.1427 0.0145 200000 0.0010 
1.5000 0.1526 0.0146 200000 0.0010 
1.6000 0.1623 0.0146 200000 0.0011 
1.7000 0.1721 0.0145 200000 0.0012 
1.8000 0.1822 0.0144 200000 0.0014 
1.9000 0.1925 0.0144 200000 0.0016 
2.0000 0.2032 0.0144 200000 0.0018 
2.1000 0.2142 0.0144 200000 0.0019 
2.2000 0.2254 0.0144 200000 0.0021 
2.3000 0.2371 0.0142 200000 0.0024 
2.4000 0.2491 0.0140 200000 0.0028 
2.5000 0.2603 0.0138 200000 0.0035 
2.6000 0.2702 0.0137 200000 0.0041 
2.7000 0.2801 0.0135 200000 0.0047 
2.8000 0.2902 0.0132 200000 0.0053 
2.9000 0.3006 0.0130 200000 0.0058 
3.0000 0.3110 0.0128 200000 0.0064 
3.1000 0.3212 0.0125 200000 0.0071 
3.2000 0.3311 0.0124 200000 0.0078 
3.3000 0.3398 0.0123 200000 0.0084 
3.4000 0.3489 0.0121 200000 0.0091 
3.5000 0.3583 0.0120 200000 0.0097 
3.6000 0.3677 0.0120 200000 0.0104 
3.7000 0.3772 0.0117 200000 0.0108 
4.1000 0.3798 0.0145 200000 0.0176 
4.0000 0.3841 0.0131 200000 0.0157 
4.2000 0.3860 0.0151 200000 0.0182 
3.8000 0.3861 0.0116 200000 0.0116 
3.9000 0.3897 0.0118 200000 0.0133 
4.3000 0.3945 0.0155 200000 0.0185 
4.4000 0.4005 0.0161 200000 0.0193 
4.5000 0.4103 0.0163 200000 0.0195 
4.6000 0.4195 0.0166 200000 0.0197 
4.7000 0.4281 0.0169 200000 0.0200 
4.8000 0.4362 0.0172 200000 0.0205 
4.9000 0.4435 0.0175 200000 0.0211 
5.0000 0.4504 0.0178 200000 0.0218 
5.1000 0.4573 0.0182 200000 0.0226 
5.2000 0.4681 0.0185 200000 0.0225 
5.3000 0.4823 0.0190 200000 0.0217 
14.1000 0.4909 0.1355 200000 0.0240 
14.2000 0.4923 0.1371 200000 0.0234 
14.3000 0.4938 0.1386 200000 0.0228 
14.4000 0.4954 0.1402 200000 0.0223 
14.5000 0.4971 0.1417 200000 0.0217 
5.4000 0.4973 0.0195 200000 0.0208 
14.6000 0.4989 0.1433 200000 0.0212 
14.7000 0.5009 0.1448 200000 0.0206 
14.8000 0.5029 0.1463 200000 0.0201 
14.9000 0.5049 0.1478 200000 0.0196 
15.0000 0.5071 0.1494 200000 0.0190 
5.5000 0.5129 0.0200 200000 0.0198 
5.6000 0.5296 0.0212 200000 0.0192 
5.7000 0.5462 0.0220 200000 0.0182 
5.8000 0.5627 0.0228 200000 0.0173 
5.9000 0.5788 0.0235 200000 0.0163 
6.0000 0.5943 0.0240 200000 0.0153 
10.9000 0.5960 0.0647 200000 0.0553 
10.8000 0.6044 0.0631 200000 0.0554 
6.1000 0.6093 0.0245 200000 0.0142 
10.7000 0.6129 0.0617 200000 0.0553 
10.6000 0.6213 0.0603 200000 0.0551 
6.2000 0.6243 0.0251 200000 0.0133 
10.5000 0.6302 0.0590 200000 0.0547 
6.3000 0.6383 0.0254 200000 0.0123 
10.4000 0.6385 0.0577 200000 0.0542 
10.3000 0.6468 0.0565 200000 0.0535 
6.4000 0.6519 0.0257 200000 0.0114 
10.2000 0.6552 0.0554 200000 0.0526 
10.1000 0.6635 0.0543 200000 0.0516 
6.5000 0.6647 0.0260 200000 0.0105 
10.0000 0.6715 0.0532 200000 0.0505 
6.6000 0.6774 0.0265 200000 0.0097 
9.9000 0.6796 0.0522 200000 0.0492 
9.8000 0.6875 0.0513 200000 0.0478 
6.7000 0.6898 0.0272 200000 0.0091 
9.0000 0.6925 0.0524 200000 0.0358 
9.7000 0.6952 0.0504 200000 0.0462 
8.9000 0.6993 0.0512 200000 0.0341 
6.8000 0.7022 0.0280 200000 0.0086 
9.6000 0.7027 0.0495 200000 0.0445 
8.8000 0.7075 0.0498 200000 0.0322 
9.5000 0.7102 0.0487 200000 0.0426 
6.9000 0.7141 0.0288 200000 0.0081 
8.7000 0.7155 0.0482 200000 0.0303 
9.4000 0.7173 0.0479 200000 0.0406 
8.6000 0.7216 0.0469 200000 0.0285 
9.3000 0.7242 0.0472 200000 0.0385 
7.0000 0.7256 0.0296 200000 0.0076 
8.5000 0.7290 0.0454 200000 0.0265 
9.2000 0.7299 0.0464 200000 0.0366 
9.1000 0.7337 0.0455 200000 0.0350 
8.4000 0.7338 0.0444 200000 0.0246 
7.1000 0.7366 0.0305 200000 0.0073 
8.3000 0.7415 0.0431 200000 0.0223 
7.2000 0.7471 0.0315 200000 0.0069 
8.2000 0.7484 0.0420 200000 0.0199 
8.1000 0.7543 0.0411 200000 0.0176 
7.3000 0.7571 0.0326 200000 0.0066 
8.0000 0.7605 0.0401 200000 0.0153 
7.9000 0.7659 0.0393 200000 0.0130 
7.4000 0.7662 0.0338 200000 0.0064 
7.8000 0.7706 0.0385 200000 0.0108 
7.5000 0.7742 0.0352 200000 0.0063 
7.7000 0.7752 0.0375 200000 0.0087 
7.6000 0.7783 0.0367 200000 0.0068 
-5.0000 -0.4427 0.0160 250000 -0.0221 
-4.9000 -0.4346 0.0157 250000 -0.0216 
-4.8000 -0.4266 0.0154 250000 -0.0210 
-4.7000 -0.4188 0.0151 250000 -0.0205 
-4.6000 -0.4114 0.0148 250000 -0.0198 
-4.5000 -0.4036 0.0146 250000 -0.0192 
-4.4000 -0.3957 0.0143 250000 -0.0186 
-4.3000 -0.3874 0.0142 250000 -0.0181 
-4.2000 -0.3785 0.0141 250000 -0.0177 
-3.7000 -0.3763 0.0104 250000 -0.0099 
-3.8000 -0.3753 0.0111 250000 -0.0119 
-4.1000 -0.3735 0.0137 250000 -0.0166 
-3.9000 -0.3722 0.0121 250000 -0.0138 
-3.6000 -0.3699 0.0102 250000 -0.0088 
-4.0000 -0.3698 0.0132 250000 -0.0155 
-3.5000 -0.3615 0.0102 250000 -0.0080 
-3.4000 -0.3521 0.0103 250000 -0.0075 
-3.3000 -0.3422 0.0103 250000 -0.0071 
-3.2000 -0.3326 0.0103 250000 -0.0065 
-3.1000 -0.3229 0.0104 250000 -0.0059 
-3.0000 -0.3131 0.0105 250000 -0.0054 
-2.9000 -0.3034 0.0107 250000 -0.0049 
-2.8000 -0.2936 0.0107 250000 -0.0045 
-2.7000 -0.2836 0.0108 250000 -0.0039 
-2.6000 -0.2735 0.0109 250000 -0.0035 
-2.5000 -0.2634 0.0111 250000 -0.0031 
-2.4000 -0.2531 0.0114 250000 -0.0026 
-2.3000 -0.2428 0.0115 250000 -0.0022 
-2.2000 -0.2326 0.0117 250000 -0.0018 
-2.1000 -0.2224 0.0118 250000 -0.0015 
-2.0000 -0.2126 0.0117 250000 -0.0012 
-1.9000 -0.2025 0.0117 250000 -0.0008 
-1.8000 -0.1921 0.0117 250000 -0.0006 
-1.7000 -0.1815 0.0117 250000 -0.0004 
-1.6000 -0.1709 0.0117 250000 -0.0004 
-1.5000 -0.1602 0.0117 250000 -0.0003 
-1.4000 -0.1494 0.0117 250000 -0.0003 
-1.3000 -0.1387 0.0117 250000 -0.0002 
-1.2000 -0.1281 0.0116 250000 -0.0001 
-1.1000 -0.1174 0.0116 250000 -0.0001 
-1.0000 -0.1067 0.0116 250000 -0.0000 
-0.9000 -0.0961 0.0116 250000 0.0000 
-0.8000 -0.0855 0.0116 250000 0.0001 
-0.7000 -0.0749 0.0116 250000 0.0002 
-0.6000 -0.0643 0.0116 250000 0.0003 
-0.5000 -0.0538 0.0116 250000 0.0003 
-0.4000 -0.0432 0.0117 250000 0.0004 
-0.3000 -0.0327 0.0118 250000 0.0004 
-0.2000 -0.0220 0.0119 250000 0.0002 
-0.1000 -0.0110 0.0119 250000 0.0001 
0.0000 -0.0000 0.0119 250000 0.0000 
0.1000 0.0110 0.0119 250000 -0.0001 
0.2000 0.0220 0.0119 250000 -0.0002 
0.3000 0.0326 0.0118 250000 -0.0004 
0.4000 0.0432 0.0117 250000 -0.0004 
0.5000 0.0538 0.0116 250000 -0.0003 
0.6000 0.0643 0.0116 250000 -0.0003 
0.7000 0.0749 0.0116 250000 -0.0002 
0.8000 0.0855 0.0116 250000 -0.0001 
0.9000 0.0961 0.0116 250000 -0.0000 
1.0000 0.1067 0.0116 250000 0.0000 
1.1000 0.1174 0.0116 250000 0.0001 
1.2000 0.1280 0.0116 250000 0.0001 
1.3000 0.1387 0.0117 250000 0.0002 
1.4000 0.1494 0.0117 250000 0.0003 
1.5000 0.1602 0.0117 250000 0.0003 
1.6000 0.1709 0.0117 250000 0.0004 
1.7000 0.1815 0.0117 250000 0.0004 
1.8000 0.1921 0.0117 250000 0.0006 
1.9000 0.2025 0.0117 250000 0.0008 
2.0000 0.2126 0.0117 250000 0.0012 
2.1000 0.2223 0.0118 250000 0.0015 
2.2000 0.2326 0.0117 250000 0.0018 
2.3000 0.2428 0.0115 250000 0.0022 
2.4000 0.2531 0.0114 250000 0.0027 
2.5000 0.2634 0.0111 250000 0.0031 
2.6000 0.2735 0.0109 250000 0.0035 
2.7000 0.2836 0.0108 250000 0.0039 
2.8000 0.2936 0.0107 250000 0.0045 
2.9000 0.3034 0.0107 250000 0.0049 
3.0000 0.3131 0.0105 250000 0.0054 
3.1000 0.3229 0.0104 250000 0.0059 
3.2000 0.3326 0.0103 250000 0.0065 
3.3000 0.3422 0.0103 250000 0.0071 
3.4000 0.3521 0.0103 250000 0.0075 
3.5000 0.3614 0.0102 250000 0.0080 
3.6000 0.3698 0.0102 250000 0.0088 
4.0000 0.3698 0.0132 250000 0.0155 
3.9000 0.3721 0.0121 250000 0.0138 
4.1000 0.3735 0.0137 250000 0.0166 
3.8000 0.3752 0.0111 250000 0.0119 
3.7000 0.3762 0.0104 250000 0.0099 
4.2000 0.3785 0.0141 250000 0.0177 
4.3000 0.3874 0.0142 250000 0.0181 
4.4000 0.3957 0.0143 250000 0.0186 
4.5000 0.4036 0.0146 250000 0.0192 
4.6000 0.4114 0.0148 250000 0.0198 
4.7000 0.4188 0.0151 250000 0.0205 
4.8000 0.4266 0.0154 250000 0.0210 
4.9000 0.4346 0.0157 250000 0.0216 
5.0000 0.4427 0.0160 250000 0.0221 
5.1000 0.4507 0.0163 250000 0.0226 
5.2000 0.4588 0.0166 250000 0.0230 
5.3000 0.4669 0.0170 250000 0.0235 
13.0000 0.4688 0.1193 250000 0.0319 
13.1000 0.4691 0.1212 250000 0.0311 
13.2000 0.4693 0.1232 250000 0.0304 
13.3000 0.4697 0.1250 250000 0.0297 
13.4000 0.4702 0.1270 250000 0.0290 
13.5000 0.4708 0.1288 250000 0.0283 
13.6000 0.4716 0.1307 250000 0.0276 
13.7000 0.4725 0.1325 250000 0.0269 
13.8000 0.4734 0.1344 250000 0.0262 
13.9000 0.4745 0.1362 250000 0.0255 
5.4000 0.4750 0.0174 250000 0.0240 
14.0000 0.4757 0.1380 250000 0.0248 
14.1000 0.4769 0.1398 250000 0.0241 
14.2000 0.4783 0.1415 250000 0.0235 
14.5000 0.4826 0.1468 250000 0.0215 
5.5000 0.4832 0.0177 250000 0.0246 
12.8000 0.4858 0.1103 250000 0.0340 
14.7000 0.4858 0.1502 250000 0.0201 
14.8000 0.4875 0.1520 250000 0.0195 
15.0000 0.4910 0.1554 250000 0.0182 
12.7000 0.4912 0.1074 250000 0.0351 
5.6000 0.4916 0.0181 250000 0.0251 
12.6000 0.4957 0.1047 250000 0.0361 
12.5000 0.4999 0.1021 250000 0.0372 
5.7000 0.5024 0.0190 250000 0.0254 
12.4000 0.5042 0.0994 250000 0.0384 
12.3000 0.5089 0.0967 250000 0.0396 
12.2000 0.5141 0.0938 250000 0.0410 
5.8000 0.5173 0.0197 250000 0.0247 
12.1000 0.5202 0.0906 250000 0.0426 
12.0000 0.5279 0.0868 250000 0.0446 
5.9000 0.5327 0.0203 250000 0.0238 
11.9000 0.5383 0.0822 250000 0.0474 
6.0000 0.5473 0.0207 250000 0.0228 
11.8000 0.5501 0.0782 250000 0.0499 
11.7000 0.5585 0.0755 250000 0.0515 
6.1000 0.5616 0.0211 250000 0.0218 
11.6000 0.5701 0.0726 250000 0.0531 
6.2000 0.5760 0.0217 250000 0.0207 
11.5000 0.5823 0.0698 250000 0.0544 
6.3000 0.5909 0.0225 250000 0.0197 
11.4000 0.5950 0.0673 250000 0.0554 
6.4000 0.6052 0.0237 250000 0.0188 
11.3000 0.6079 0.0649 250000 0.0561 
6.5000 0.6183 0.0255 250000 0.0181 
11.2000 0.6219 0.0625 250000 0.0565 
6.6000 0.6314 0.0267 250000 0.0174 
11.1000 0.6366 0.0602 250000 0.0565 
6.7000 0.6439 0.0279 250000 0.0167 
11.0000 0.6545 0.0578 250000 0.0563 
6.8000 0.6558 0.0291 250000 0.0162 
6.9000 0.6669 0.0304 250000 0.0157 
10.9000 0.6738 0.0552 250000 0.0556 
7.0000 0.6769 0.0318 250000 0.0154 
7.1000 0.6860 0.0333 250000 0.0151 
10.8000 0.6870 0.0534 250000 0.0547 
7.2000 0.6938 0.0349 250000 0.0150 
10.7000 0.7011 0.0515 250000 0.0535 
7.3000 0.7110 0.0327 250000 0.0140 
10.6000 0.7118 0.0500 250000 0.0523 
10.5000 0.7202 0.0488 250000 0.0511 
7.4000 0.7224 0.0331 250000 0.0135 
10.4000 0.7290 0.0476 250000 0.0496 
7.5000 0.7336 0.0335 250000 0.0131 
10.3000 0.7364 0.0465 250000 0.0482 
10.2000 0.7432 0.0456 250000 0.0467 
7.6000 0.7443 0.0340 250000 0.0128 
10.1000 0.7503 0.0446 250000 0.0451 
7.7000 0.7547 0.0346 250000 0.0125 
10.0000 0.7562 0.0438 250000 0.0434 
9.9000 0.7623 0.0430 250000 0.0416 
7.8000 0.7652 0.0351 250000 0.0121 
9.8000 0.7680 0.0423 250000 0.0398 
9.7000 0.7732 0.0416 250000 0.0379 
7.9000 0.7752 0.0357 250000 0.0119 
8.2000 0.7769 0.0369 250000 0.0161 
9.6000 0.7781 0.0409 250000 0.0359 
8.6000 0.7796 0.0362 250000 0.0225 
8.5000 0.7798 0.0359 250000 0.0209 
8.7000 0.7799 0.0365 250000 0.0240 
8.1000 0.7804 0.0366 250000 0.0140 
8.8000 0.7812 0.0367 250000 0.0252 
8.4000 0.7813 0.0357 250000 0.0190 
9.5000 0.7817 0.0404 250000 0.0342 
8.9000 0.7827 0.0371 250000 0.0264 
8.3000 0.7831 0.0355 250000 0.0171 
8.0000 0.7834 0.0363 250000 0.0119 
9.0000 0.7835 0.0376 250000 0.0276 
9.4000 0.7837 0.0396 250000 0.0327 
9.1000 0.7842 0.0380 250000 0.0289 
9.3000 0.7843 0.0391 250000 0.0314 
9.2000 0.7846 0.0385 250000 0.0301 
-5.0000 -0.4836 0.0139 500000 -0.0103 
-4.9000 -0.4765 0.0136 500000 -0.0095 
-4.8000 -0.4694 0.0133 500000 -0.0088 
-4.7000 -0.4619 0.0131 500000 -0.0082 
-4.6000 -0.4538 0.0129 500000 -0.0077 
-4.5000 -0.4454 0.0126 500000 -0.0072 
-4.4000 -0.4369 0.0124 500000 -0.0068 
-4.3000 -0.4280 0.0122 500000 -0.0064 
-4.2000 -0.4190 0.0120 500000 -0.0061 
-4.1000 -0.4097 0.0119 500000 -0.0058 
-4.0000 -0.4001 0.0117 500000 -0.0056 
-3.9000 -0.3904 0.0116 500000 -0.0054 
-3.8000 -0.3851 0.0109 500000 -0.0041 
-3.7000 -0.3759 0.0107 500000 -0.0037 
-3.5000 -0.3589 0.0102 500000 -0.0031 
-3.4000 -0.3528 0.0097 500000 -0.0025 
-3.3000 -0.3470 0.0091 500000 -0.0019 
-3.1000 -0.3362 0.0078 500000 -0.0007 
-3.0000 -0.3293 0.0074 500000 -0.0001 
-2.9000 -0.3193 0.0073 500000 0.0000 
-2.8000 -0.3093 0.0073 500000 0.0002 
-2.7000 -0.2982 0.0073 500000 0.0001 
-2.6000 -0.2870 0.0072 500000 0.0001 
-2.5000 -0.2766 0.0071 500000 0.0002 
-2.4000 -0.2661 0.0071 500000 0.0003 
-2.3000 -0.2552 0.0071 500000 0.0003 
-2.2000 -0.2442 0.0071 500000 0.0004 
-2.1000 -0.2339 0.0071 500000 0.0006 
-2.0000 -0.2233 0.0071 500000 0.0008 
-1.9000 -0.2124 0.0071 500000 0.0008 
-1.8000 -0.2013 0.0071 500000 0.0008 
-1.7000 -0.1901 0.0071 500000 0.0008 
-1.6000 -0.1789 0.0072 500000 0.0008 
-1.5000 -0.1677 0.0072 500000 0.0008 
-1.4000 -0.1566 0.0072 500000 0.0008 
-1.3000 -0.1456 0.0071 500000 0.0007 
-1.2000 -0.1348 0.0071 500000 0.0008 
-1.1000 -0.1240 0.0071 500000 0.0009 
-1.0000 -0.1132 0.0071 500000 0.0010 
-0.9000 -0.1022 0.0072 500000 0.0010 
-0.8000 -0.0911 0.0072 500000 0.0010 
-0.7000 -0.0799 0.0072 500000 0.0009 
-0.6000 -0.0685 0.0072 500000 0.0008 
-0.5000 -0.0571 0.0073 500000 0.0006 
-0.4000 -0.0457 0.0073 500000 0.0005 
-0.3000 -0.0343 0.0073 500000 0.0004 
-0.2000 -0.0228 0.0073 500000 0.0002 
-0.1000 -0.0114 0.0073 500000 0.0001 
0.0000 -0.0000 0.0073 500000 0.0000 
0.1000 0.0114 0.0073 500000 -0.0001 
0.2000 0.0228 0.0073 500000 -0.0002 
0.3000 0.0343 0.0073 500000 -0.0004 
0.4000 0.0457 0.0073 500000 -0.0005 
0.5000 0.0571 0.0073 500000 -0.0006 
0.6000 0.0685 0.0072 500000 -0.0008 
0.7000 0.0799 0.0072 500000 -0.0009 
0.8000 0.0911 0.0072 500000 -0.0010 
0.9000 0.1022 0.0072 500000 -0.0010 
1.0000 0.1132 0.0071 500000 -0.0010 
1.1000 0.1240 0.0071 500000 -0.0009 
1.2000 0.1348 0.0071 500000 -0.0008 
1.3000 0.1456 0.0071 500000 -0.0007 
1.4000 0.1566 0.0072 500000 -0.0008 
1.5000 0.1677 0.0072 500000 -0.0008 
1.6000 0.1789 0.0072 500000 -0.0008 
1.7000 0.1901 0.0071 500000 -0.0008 
1.8000 0.2013 0.0071 500000 -0.0008 
1.9000 0.2123 0.0071 500000 -0.0008 
2.0000 0.2233 0.0071 500000 -0.0007 
2.1000 0.2339 0.0071 500000 -0.0006 
2.2000 0.2441 0.0071 500000 -0.0004 
2.3000 0.2552 0.0071 500000 -0.0003 
2.4000 0.2661 0.0071 500000 -0.0003 
2.5000 0.2766 0.0072 500000 -0.0002 
2.6000 0.2870 0.0072 500000 -0.0001 
2.7000 0.2982 0.0073 500000 -0.0001 
2.8000 0.3092 0.0073 500000 -0.0002 
2.9000 0.3192 0.0073 500000 -0.0000 
3.0000 0.3292 0.0074 500000 0.0001 
3.1000 0.3362 0.0078 500000 0.0007 
3.3000 0.3470 0.0091 500000 0.0019 
3.4000 0.3527 0.0097 500000 0.0025 
3.5000 0.3588 0.0102 500000 0.0031 
3.6000 0.3662 0.0106 500000 0.0035 
3.7000 0.3759 0.0107 500000 0.0038 
3.8000 0.3851 0.0109 500000 0.0041 
3.9000 0.3904 0.0116 500000 0.0054 
4.0000 0.4002 0.0117 500000 0.0056 
4.1000 0.4097 0.0118 500000 0.0058 
4.2000 0.4190 0.0120 500000 0.0061 
4.3000 0.4280 0.0122 500000 0.0064 
4.4000 0.4368 0.0124 500000 0.0068 
4.5000 0.4454 0.0126 500000 0.0072 
4.6000 0.4538 0.0129 500000 0.0077 
4.7000 0.4618 0.0131 500000 0.0082 
4.8000 0.4694 0.0133 500000 0.0088 
4.9000 0.4765 0.0136 500000 0.0095 
5.0000 0.4836 0.0139 500000 0.0103 
5.1000 0.4906 0.0142 500000 0.0111 
5.2000 0.4978 0.0145 500000 0.0118 
5.3000 0.5052 0.0149 500000 0.0125 
14.5000 0.5065 0.1326 500000 0.0247 
14.6000 0.5065 0.1346 500000 0.0239 
14.4000 0.5069 0.1305 500000 0.0256 
14.7000 0.5069 0.1365 500000 0.0232 
14.9000 0.5086 0.1400 500000 0.0218 
15.0000 0.5096 0.1418 500000 0.0211 
5.4000 0.5129 0.0153 500000 0.0132 
5.5000 0.5217 0.0154 500000 0.0136 
5.6000 0.5321 0.0151 500000 0.0135 
5.7000 0.5414 0.0150 500000 0.0137 
5.8000 0.5498 0.0152 500000 0.0141 
5.9000 0.5579 0.0155 500000 0.0146 
6.0000 0.5660 0.0157 500000 0.0151 
6.1000 0.5741 0.0159 500000 0.0156 
6.2000 0.5824 0.0163 500000 0.0160 
6.3000 0.5902 0.0165 500000 0.0166 
6.4000 0.5975 0.0168 500000 0.0172 
6.5000 0.6048 0.0170 500000 0.0179 
6.6000 0.6121 0.0173 500000 0.0186 
6.7000 0.6194 0.0176 500000 0.0193 
13.7000 0.6261 0.0810 500000 0.0457 
6.8000 0.6268 0.0179 500000 0.0199 
6.9000 0.6341 0.0182 500000 0.0206 
7.0000 0.6413 0.0185 500000 0.0212 
13.6000 0.6473 0.0751 500000 0.0494 
7.1000 0.6485 0.0187 500000 0.0219 
7.2000 0.6557 0.0190 500000 0.0225 
13.5000 0.6621 0.0711 500000 0.0518 
7.3000 0.6627 0.0193 500000 0.0232 
7.4000 0.6721 0.0196 500000 0.0233 
13.4000 0.6757 0.0677 500000 0.0537 
7.5000 0.6838 0.0200 500000 0.0228 
13.3000 0.6876 0.0648 500000 0.0551 
7.6000 0.6957 0.0203 500000 0.0223 
13.2000 0.6990 0.0623 500000 0.0562 
7.7000 0.7077 0.0207 500000 0.0218 
13.1000 0.7102 0.0599 500000 0.0571 
7.8000 0.7196 0.0211 500000 0.0213 
13.0000 0.7212 0.0578 500000 0.0577 
7.9000 0.7313 0.0215 500000 0.0208 
12.9000 0.7315 0.0557 500000 0.0581 
12.8000 0.7421 0.0538 500000 0.0583 
8.0000 0.7428 0.0220 500000 0.0203 
8.1000 0.7465 0.0257 500000 0.0205 
12.7000 0.7519 0.0520 500000 0.0584 
8.2000 0.7578 0.0255 500000 0.0201 
12.6000 0.7616 0.0503 500000 0.0583 
8.3000 0.7706 0.0250 500000 0.0196 
12.5000 0.7711 0.0487 500000 0.0580 
12.4000 0.7799 0.0471 500000 0.0576 
8.4000 0.7826 0.0249 500000 0.0191 
12.3000 0.7888 0.0457 500000 0.0571 
8.5000 0.7938 0.0251 500000 0.0187 
12.2000 0.7970 0.0444 500000 0.0565 
12.1000 0.8042 0.0432 500000 0.0557 
8.6000 0.8050 0.0252 500000 0.0183 
12.0000 0.8113 0.0420 500000 0.0549 
8.7000 0.8158 0.0254 500000 0.0180 
11.9000 0.8180 0.0409 500000 0.0540 
11.8000 0.8231 0.0398 500000 0.0531 
8.8000 0.8265 0.0256 500000 0.0177 
11.7000 0.8278 0.0389 500000 0.0521 
11.6000 0.8323 0.0380 500000 0.0511 
11.5000 0.8364 0.0372 500000 0.0500 
8.9000 0.8370 0.0257 500000 0.0174 
9.0000 0.8383 0.0259 500000 0.0189 
11.4000 0.8385 0.0365 500000 0.0490 
9.1000 0.8395 0.0260 500000 0.0204 
11.3000 0.8410 0.0358 500000 0.0479 
11.2000 0.8424 0.0352 500000 0.0469 
9.2000 0.8427 0.0261 500000 0.0215 
11.1000 0.8431 0.0347 500000 0.0458 
11.0000 0.8438 0.0343 500000 0.0448 
9.3000 0.8468 0.0262 500000 0.0224 
9.4000 0.8514 0.0263 500000 0.0233 
9.5000 0.8557 0.0265 500000 0.0241 
10.9000 0.8569 0.0324 500000 0.0425 
9.6000 0.8599 0.0265 500000 0.0250 
9.7000 0.8625 0.0266 500000 0.0262 
9.8000 0.8642 0.0268 500000 0.0275 
9.9000 0.8659 0.0268 500000 0.0289 
10.0000 0.8679 0.0270 500000 0.0301 
10.1000 0.8700 0.0271 500000 0.0313 
10.2000 0.8716 0.0273 500000 0.0325 
10.3000 0.8733 0.0274 500000 0.0337 
10.4000 0.8751 0.0277 500000 0.0348 
10.8000 0.8763 0.0295 500000 0.0395 
10.5000 0.8768 0.0280 500000 0.0359 
10.6000 0.8781 0.0283 500000 0.0370 
10.7000 0.8783 0.0288 500000 0.0382 
-5.0000 -0.5102 0.0119 750000 -0.0042 
-4.9000 -0.5018 0.0117 750000 -0.0038 
-4.8000 -0.4933 0.0115 750000 -0.0034 
-4.7000 -0.4845 0.0112 750000 -0.0029 
-4.6000 -0.4756 0.0110 750000 -0.0026 
-4.5000 -0.4665 0.0109 750000 -0.0022 
-4.4000 -0.4573 0.0107 750000 -0.0019 
-4.3000 -0.4479 0.0105 750000 -0.0016 
-4.2000 -0.4384 0.0104 750000 -0.0013 
-4.1000 -0.4286 0.0103 750000 -0.0011 
-4.0000 -0.4187 0.0102 750000 -0.0009 
-3.9000 -0.4085 0.0101 750000 -0.0008 
-3.8000 -0.3982 0.0100 750000 -0.0007 
-3.7000 -0.3876 0.0099 750000 -0.0007 
-3.6000 -0.3769 0.0098 750000 -0.0007 
-3.3000 -0.3465 0.0093 750000 -0.0003 
-3.2000 -0.3381 0.0089 750000 -0.0001 
-3.1000 -0.3296 0.0086 750000 0.0001 
-3.0000 -0.3209 0.0082 750000 0.0003 
-2.9000 -0.3127 0.0078 750000 0.0005 
-2.8000 -0.3054 0.0073 750000 0.0008 
-2.7000 -0.2981 0.0067 750000 0.0011 
-2.6000 -0.2889 0.0064 750000 0.0013 
-2.5000 -0.2792 0.0062 750000 0.0014 
-2.4000 -0.2683 0.0062 750000 0.0014 
-2.3000 -0.2579 0.0061 750000 0.0015 
-2.2000 -0.2472 0.0061 750000 0.0015 
-2.1000 -0.2361 0.0060 750000 0.0014 
-2.0000 -0.2248 0.0061 750000 0.0014 
-1.9000 -0.2141 0.0060 750000 0.0014 
-1.8000 -0.2033 0.0060 750000 0.0014 
-1.7000 -0.1921 0.0060 750000 0.0013 
-1.6000 -0.1807 0.0060 750000 0.0012 
-1.5000 -0.1692 0.0060 750000 0.0011 
-1.4000 -0.1581 0.0059 750000 0.0011 
-1.3000 -0.1471 0.0059 750000 0.0010 
-1.2000 -0.1359 0.0059 750000 0.0010 
-1.1000 -0.1247 0.0059 750000 0.0009 
-1.0000 -0.1133 0.0059 750000 0.0009 
-0.9000 -0.1020 0.0059 750000 0.0008 
-0.8000 -0.0905 0.0059 750000 0.0007 
-0.7000 -0.0791 0.0059 750000 0.0006 
-0.6000 -0.0677 0.0059 750000 0.0005 
-0.5000 -0.0563 0.0060 750000 0.0004 
-0.4000 -0.0449 0.0060 750000 0.0003 
-0.3000 -0.0337 0.0059 750000 0.0002 
-0.2000 -0.0224 0.0059 750000 0.0001 
-0.1000 -0.0112 0.0059 750000 0.0001 
0.0000 -0.0000 0.0059 750000 0.0000 
0.1000 0.0112 0.0059 750000 -0.0001 
0.2000 0.0224 0.0059 750000 -0.0001 
0.3000 0.0336 0.0059 750000 -0.0002 
0.4000 0.0449 0.0060 750000 -0.0003 
0.5000 0.0563 0.0060 750000 -0.0004 
0.6000 0.0677 0.0059 750000 -0.0005 
0.7000 0.0791 0.0059 750000 -0.0006 
0.8000 0.0905 0.0059 750000 -0.0007 
0.9000 0.1019 0.0059 750000 -0.0008 
1.0000 0.1133 0.0059 750000 -0.0009 
1.1000 0.1246 0.0059 750000 -0.0009 
1.2000 0.1359 0.0059 750000 -0.0010 
1.3000 0.1470 0.0059 750000 -0.0010 
1.4000 0.1580 0.0059 750000 -0.0010 
1.5000 0.1692 0.0060 750000 -0.0011 
1.6000 0.1807 0.0060 750000 -0.0012 
1.7000 0.1921 0.0060 750000 -0.0013 
1.8000 0.2033 0.0060 750000 -0.0014 
1.9000 0.2141 0.0060 750000 -0.0014 
2.0000 0.2248 0.0061 750000 -0.0014 
2.1000 0.2361 0.0060 750000 -0.0014 
2.2000 0.2471 0.0061 750000 -0.0015 
2.3000 0.2579 0.0061 750000 -0.0015 
2.4000 0.2683 0.0062 750000 -0.0014 
2.5000 0.2792 0.0063 750000 -0.0014 
2.6000 0.2889 0.0064 750000 -0.0013 
2.7000 0.2981 0.0067 750000 -0.0011 
2.8000 0.3053 0.0073 750000 -0.0008 
2.9000 0.3126 0.0078 750000 -0.0005 
3.0000 0.3208 0.0082 750000 -0.0003 
3.2000 0.3380 0.0089 750000 0.0001 
3.3000 0.3465 0.0093 750000 0.0003 
3.4000 0.3568 0.0094 750000 0.0004 
3.5000 0.3669 0.0096 750000 0.0005 
3.6000 0.3769 0.0098 750000 0.0007 
3.7000 0.3876 0.0099 750000 0.0007 
3.8000 0.3981 0.0100 750000 0.0008 
3.9000 0.4085 0.0101 750000 0.0008 
4.0000 0.4187 0.0102 750000 0.0009 
4.1000 0.4286 0.0103 750000 0.0011 
4.2000 0.4384 0.0104 750000 0.0013 
4.3000 0.4479 0.0105 750000 0.0016 
4.4000 0.4573 0.0107 750000 0.0019 
4.5000 0.4665 0.0109 750000 0.0022 
4.6000 0.4756 0.0110 750000 0.0026 
4.7000 0.4845 0.0112 750000 0.0030 
4.8000 0.4932 0.0115 750000 0.0034 
4.9000 0.5018 0.0117 750000 0.0038 
5.0000 0.5102 0.0119 750000 0.0043 
5.1000 0.5185 0.0122 750000 0.0047 
5.2000 0.5266 0.0125 750000 0.0052 
5.3000 0.5405 0.0121 750000 0.0044 
5.4000 0.5488 0.0124 750000 0.0048 
5.5000 0.5569 0.0126 750000 0.0053 
5.6000 0.5648 0.0129 750000 0.0058 
5.7000 0.5724 0.0132 750000 0.0063 
5.8000 0.5796 0.0135 750000 0.0069 
5.9000 0.5865 0.0138 750000 0.0076 
6.0000 0.5941 0.0141 750000 0.0082 
6.1000 0.6013 0.0144 750000 0.0089 
6.2000 0.6084 0.0147 750000 0.0096 
6.3000 0.6154 0.0151 750000 0.0102 
6.4000 0.6228 0.0156 750000 0.0108 
6.5000 0.6303 0.0161 750000 0.0114 
6.6000 0.6381 0.0167 750000 0.0119 
6.7000 0.6462 0.0175 750000 0.0124 
6.8000 0.6544 0.0183 750000 0.0127 
6.9000 0.6626 0.0193 750000 0.0131 
7.0000 0.6713 0.0193 750000 0.0134 
7.1000 0.6799 0.0193 750000 0.0138 
7.2000 0.6886 0.0194 750000 0.0141 
7.3000 0.6970 0.0195 750000 0.0145 
7.4000 0.7044 0.0196 750000 0.0150 
7.5000 0.7113 0.0197 750000 0.0158 
7.6000 0.7179 0.0198 750000 0.0165 
7.7000 0.7244 0.0199 750000 0.0173 
7.8000 0.7310 0.0201 750000 0.0181 
7.9000 0.7376 0.0202 750000 0.0188 
8.0000 0.7442 0.0189 750000 0.0196 
8.1000 0.7502 0.0188 750000 0.0205 
8.2000 0.7560 0.0188 750000 0.0214 
8.3000 0.7658 0.0188 750000 0.0213 
8.4000 0.7767 0.0188 750000 0.0210 
8.5000 0.7877 0.0190 750000 0.0207 
8.6000 0.7989 0.0190 750000 0.0204 
8.7000 0.8101 0.0191 750000 0.0200 
8.8000 0.8211 0.0192 750000 0.0197 
8.9000 0.8319 0.0192 750000 0.0194 
9.0000 0.8423 0.0193 750000 0.0192 
9.1000 0.8525 0.0194 750000 0.0190 
9.2000 0.8621 0.0195 750000 0.0189 
9.3000 0.8676 0.0196 750000 0.0196 
9.4000 0.8690 0.0196 750000 0.0212 
9.5000 0.8720 0.0198 750000 0.0224 
9.6000 0.8752 0.0200 750000 0.0235 
9.7000 0.8785 0.0203 750000 0.0245 
9.8000 0.8809 0.0209 750000 0.0257 
9.9000 0.8819 0.0222 750000 0.0268 
10.0000 0.8859 0.0222 750000 0.0278 
10.1000 0.8900 0.0223 750000 0.0287 
10.2000 0.8939 0.0224 750000 0.0296 
10.3000 0.8984 0.0225 750000 0.0305 
10.4000 0.9030 0.0226 750000 0.0313 
10.5000 0.9074 0.0228 750000 0.0321 
10.6000 0.9126 0.0229 750000 0.0328 
10.7000 0.9171 0.0231 750000 0.0336 
10.8000 0.9209 0.0233 750000 0.0344 
10.9000 0.9249 0.0234 750000 0.0352 
11.0000 0.9287 0.0237 750000 0.0360 
11.1000 0.9326 0.0239 750000 0.0368 
11.2000 0.9368 0.0241 750000 0.0376 
11.3000 0.9409 0.0244 750000 0.0383 
11.4000 0.9446 0.0246 750000 0.0391 
11.5000 0.9487 0.0249 750000 0.0398 
11.6000 0.9517 0.0251 750000 0.0406 
11.7000 0.9518 0.0258 750000 0.0417 
11.8000 0.9539 0.0262 750000 0.0425 
11.9000 0.9568 0.0265 750000 0.0433 
12.0000 0.9594 0.0269 750000 0.0441 
12.1000 0.9624 0.0272 750000 0.0448 
12.2000 0.9655 0.0275 750000 0.0455 
12.3000 0.9685 0.0278 750000 0.0462 
12.4000 0.9702 0.0282 750000 0.0469 
12.5000 0.9721 0.0286 750000 0.0477 
12.6000 0.9748 0.0289 750000 0.0483 
14.2000 0.9763 0.0386 750000 0.0579 
12.7000 0.9777 0.0292 750000 0.0489 
12.8000 0.9809 0.0295 750000 0.0495 
12.9000 0.9831 0.0299 750000 0.0501 
14.0000 0.9841 0.0364 750000 0.0567 
13.0000 0.9859 0.0302 750000 0.0507 
13.1000 0.9877 0.0307 750000 0.0513 
13.9000 0.9880 0.0355 750000 0.0561 
13.2000 0.9891 0.0311 750000 0.0519 
13.3000 0.9903 0.0316 750000 0.0525 
13.8000 0.9907 0.0346 750000 0.0555 
13.4000 0.9915 0.0321 750000 0.0531 
13.5000 0.9924 0.0326 750000 0.0537 
13.7000 0.9929 0.0338 750000 0.0548 
13.6000 0.9930 0.0332 750000 0.0543 
-5.0000 -0.5236 0.0109 1000000 -0.0012 
-4.9000 -0.5145 0.0107 1000000 -0.0009 
-4.8000 -0.5051 0.0105 1000000 -0.0006 
-4.7000 -0.4956 0.0104 1000000 -0.0004 
-4.6000 -0.4858 0.0103 1000000 -0.0002 
-4.5000 -0.4758 0.0101 1000000 -0.0000 
-4.4000 -0.4657 0.0100 1000000 0.0001 
-4.3000 -0.4555 0.0098 1000000 0.0002 
-4.2000 -0.4452 0.0097 1000000 0.0003 
-4.1000 -0.4349 0.0096 1000000 0.0004 
-4.0000 -0.4245 0.0095 1000000 0.0005 
-3.9000 -0.4140 0.0093 1000000 0.0006 
-3.8000 -0.4036 0.0092 1000000 0.0006 
-3.7000 -0.3932 0.0091 1000000 0.0007 
-3.6000 -0.3827 0.0090 1000000 0.0008 
-3.5000 -0.3720 0.0089 1000000 0.0007 
-3.3000 -0.3508 0.0088 1000000 0.0008 
-3.2000 -0.3404 0.0087 1000000 0.0009 
-3.1000 -0.3298 0.0086 1000000 0.0009 
-3.0000 -0.3203 0.0084 1000000 0.0010 
-2.9000 -0.3111 0.0081 1000000 0.0012 
-2.8000 -0.3019 0.0079 1000000 0.0013 
-2.7000 -0.2930 0.0075 1000000 0.0014 
-2.6000 -0.2839 0.0072 1000000 0.0015 
-2.5000 -0.2745 0.0069 1000000 0.0016 
-2.4000 -0.2650 0.0066 1000000 0.0016 
-2.3000 -0.2561 0.0062 1000000 0.0017 
-2.2000 -0.2464 0.0059 1000000 0.0017 
-2.1000 -0.2362 0.0057 1000000 0.0018 
-2.0000 -0.2251 0.0056 1000000 0.0017 
-1.9000 -0.2137 0.0056 1000000 0.0016 
-1.8000 -0.2030 0.0055 1000000 0.0015 
-1.7000 -0.1920 0.0054 1000000 0.0015 
-1.6000 -0.1806 0.0054 1000000 0.0014 
-1.5000 -0.1696 0.0054 1000000 0.0013 
-1.4000 -0.1587 0.0053 1000000 0.0013 
-1.3000 -0.1475 0.0053 1000000 0.0012 
-1.2000 -0.1362 0.0053 1000000 0.0011 
-1.1000 -0.1248 0.0053 1000000 0.0010 
-1.0000 -0.1133 0.0053 1000000 0.0009 
-0.9000 -0.1019 0.0053 1000000 0.0008 
-0.8000 -0.0906 0.0053 1000000 0.0007 
-0.7000 -0.0794 0.0053 1000000 0.0006 
-0.6000 -0.0683 0.0053 1000000 0.0006 
-0.5000 -0.0571 0.0053 1000000 0.0005 
-0.4000 -0.0458 0.0053 1000000 0.0004 
-0.3000 -0.0345 0.0053 1000000 0.0003 
-0.2000 -0.0230 0.0053 1000000 0.0002 
-0.1000 -0.0115 0.0053 1000000 0.0001 
0.0000 -0.0000 0.0053 1000000 0.0000 
0.1000 0.0115 0.0053 1000000 -0.0001 
0.2000 0.0230 0.0053 1000000 -0.0002 
0.3000 0.0344 0.0053 1000000 -0.0003 
0.4000 0.0458 0.0053 1000000 -0.0004 
0.5000 0.0571 0.0053 1000000 -0.0005 
0.6000 0.0683 0.0053 1000000 -0.0006 
0.7000 0.0794 0.0053 1000000 -0.0006 
0.8000 0.0906 0.0053 1000000 -0.0007 
0.9000 0.1019 0.0053 1000000 -0.0008 
1.0000 0.1133 0.0053 1000000 -0.0009 
1.1000 0.1248 0.0053 1000000 -0.0010 
1.2000 0.1361 0.0053 1000000 -0.0011 
1.3000 0.1475 0.0053 1000000 -0.0012 
1.4000 0.1586 0.0053 1000000 -0.0013 
1.5000 0.1696 0.0054 1000000 -0.0013 
1.6000 0.1806 0.0054 1000000 -0.0014 
1.7000 0.1920 0.0054 1000000 -0.0015 
1.8000 0.2030 0.0055 1000000 -0.0015 
1.9000 0.2137 0.0056 1000000 -0.0015 
2.0000 0.2250 0.0056 1000000 -0.0017 
2.1000 0.2361 0.0057 1000000 -0.0017 
2.2000 0.2464 0.0059 1000000 -0.0017 
2.3000 0.2560 0.0062 1000000 -0.0017 
2.4000 0.2649 0.0066 1000000 -0.0016 
2.5000 0.2743 0.0069 1000000 -0.0015 
2.6000 0.2838 0.0072 1000000 -0.0015 
2.7000 0.2929 0.0075 1000000 -0.0014 
2.8000 0.3018 0.0079 1000000 -0.0013 
2.9000 0.3110 0.0081 1000000 -0.0012 
3.0000 0.3203 0.0084 1000000 -0.0010 
3.1000 0.3298 0.0086 1000000 -0.0009 
3.2000 0.3404 0.0087 1000000 -0.0009 
3.3000 0.3508 0.0088 1000000 -0.0008 
3.4000 0.3612 0.0089 1000000 -0.0007 
3.5000 0.3720 0.0089 1000000 -0.0007 
3.6000 0.3827 0.0090 1000000 -0.0007 
3.7000 0.3931 0.0091 1000000 -0.0007 
3.8000 0.4035 0.0092 1000000 -0.0006 
3.9000 0.4140 0.0093 1000000 -0.0005 
4.0000 0.4244 0.0095 1000000 -0.0005 
4.1000 0.4349 0.0096 1000000 -0.0004 
4.2000 0.4452 0.0097 1000000 -0.0003 
4.3000 0.4555 0.0098 1000000 -0.0002 
4.4000 0.4657 0.0100 1000000 -0.0001 
4.5000 0.4758 0.0101 1000000 0.0000 
4.6000 0.4858 0.0103 1000000 0.0002 
4.7000 0.4956 0.0104 1000000 0.0004 
4.8000 0.5051 0.0105 1000000 0.0006 
4.9000 0.5144 0.0107 1000000 0.0009 
5.0000 0.5236 0.0109 1000000 0.0012 
5.1000 0.5326 0.0110 1000000 0.0015 
5.2000 0.5362 0.0117 1000000 0.0028 
5.3000 0.5412 0.0123 1000000 0.0038 
5.4000 0.5464 0.0130 1000000 0.0048 
5.5000 0.5569 0.0130 1000000 0.0048 
5.6000 0.5683 0.0129 1000000 0.0047 
5.7000 0.5786 0.0129 1000000 0.0047 
5.8000 0.5886 0.0130 1000000 0.0049 
5.9000 0.5983 0.0131 1000000 0.0050 
6.0000 0.6063 0.0134 1000000 0.0055 
6.1000 0.6156 0.0136 1000000 0.0057 
6.2000 0.6248 0.0138 1000000 0.0060 
6.3000 0.6341 0.0139 1000000 0.0062 
6.4000 0.6430 0.0141 1000000 0.0065 
6.5000 0.6519 0.0143 1000000 0.0068 
6.6000 0.6604 0.0144 1000000 0.0072 
6.7000 0.6689 0.0146 1000000 0.0076 
6.8000 0.6771 0.0148 1000000 0.0080 
6.9000 0.6854 0.0149 1000000 0.0084 
7.0000 0.6936 0.0151 1000000 0.0089 
7.1000 0.7019 0.0153 1000000 0.0093 
7.2000 0.7102 0.0155 1000000 0.0097 
7.3000 0.7185 0.0157 1000000 0.0101 
7.4000 0.7268 0.0159 1000000 0.0105 
7.5000 0.7352 0.0161 1000000 0.0109 
7.6000 0.7435 0.0163 1000000 0.0113 
7.7000 0.7517 0.0165 1000000 0.0117 
7.8000 0.7654 0.0154 1000000 0.0110 
7.9000 0.7749 0.0153 1000000 0.0112 
8.0000 0.7833 0.0153 1000000 0.0116 
8.1000 0.7905 0.0153 1000000 0.0122 
8.2000 0.7970 0.0154 1000000 0.0130 
8.3000 0.8034 0.0154 1000000 0.0138 
8.4000 0.8097 0.0155 1000000 0.0146 
8.5000 0.8152 0.0156 1000000 0.0155 
8.6000 0.8207 0.0157 1000000 0.0165 
8.7000 0.8254 0.0159 1000000 0.0176 
8.8000 0.8296 0.0160 1000000 0.0187 
8.9000 0.8371 0.0163 1000000 0.0191 
9.0000 0.8451 0.0167 1000000 0.0193 
9.1000 0.8514 0.0174 1000000 0.0197 
9.2000 0.8591 0.0181 1000000 0.0198 
9.3000 0.8691 0.0181 1000000 0.0197 
9.4000 0.8789 0.0181 1000000 0.0197 
9.5000 0.8879 0.0182 1000000 0.0198 
9.6000 0.8955 0.0182 1000000 0.0202 
9.7000 0.9004 0.0183 1000000 0.0211 
9.8000 0.9056 0.0184 1000000 0.0220 
9.9000 0.9114 0.0184 1000000 0.0227 
10.0000 0.9167 0.0185 1000000 0.0235 
10.1000 0.9219 0.0186 1000000 0.0243 
10.2000 0.9264 0.0187 1000000 0.0252 
10.3000 0.9317 0.0188 1000000 0.0260 
10.4000 0.9370 0.0190 1000000 0.0267 
10.5000 0.9419 0.0191 1000000 0.0275 
10.6000 0.9480 0.0192 1000000 0.0281 
10.7000 0.9535 0.0193 1000000 0.0288 
10.8000 0.9588 0.0195 1000000 0.0295 
10.9000 0.9645 0.0196 1000000 0.0301 
11.0000 0.9693 0.0198 1000000 0.0309 
11.1000 0.9739 0.0199 1000000 0.0316 
11.2000 0.9792 0.0200 1000000 0.0323 
11.3000 0.9801 0.0206 1000000 0.0335 
11.4000 0.9832 0.0209 1000000 0.0344 
11.5000 0.9882 0.0211 1000000 0.0351 
11.6000 0.9932 0.0213 1000000 0.0357 
11.7000 0.9984 0.0215 1000000 0.0364 
11.8000 1.0036 0.0216 1000000 0.0370 
11.9000 1.0089 0.0218 1000000 0.0375 
14.3000 1.0111 0.0358 1000000 0.0570 
12.0000 1.0130 0.0220 1000000 0.0382 
12.1000 1.0176 0.0221 1000000 0.0389 
12.2000 1.0224 0.0223 1000000 0.0395 
14.0000 1.0233 0.0329 1000000 0.0549 
13.9000 1.0269 0.0319 1000000 0.0541 
12.3000 1.0274 0.0225 1000000 0.0400 
13.8000 1.0281 0.0312 1000000 0.0534 
13.7000 1.0304 0.0303 1000000 0.0525 
12.4000 1.0318 0.0227 1000000 0.0407 
13.6000 1.0325 0.0296 1000000 0.0517 
13.5000 1.0345 0.0288 1000000 0.0508 
12.9000 1.0360 0.0251 1000000 0.0454 
12.5000 1.0361 0.0230 1000000 0.0413 
13.0000 1.0363 0.0256 1000000 0.0463 
13.4000 1.0363 0.0281 1000000 0.0498 
13.1000 1.0367 0.0262 1000000 0.0472 
13.2000 1.0367 0.0268 1000000 0.0481 
13.3000 1.0367 0.0274 1000000 0.0490 
12.8000 1.0370 0.0245 1000000 0.0443 
12.6000 1.0399 0.0233 1000000 0.0419 
12.7000 1.0415 0.0237 1000000 0.0428 
-5.0000 -0.5313 0.0102 2000000 0.0005 
-4.9000 -0.5229 0.0099 2000000 0.0010 
-4.8000 -0.5142 0.0097 2000000 0.0013 
-4.7000 -0.5051 0.0094 2000000 0.0016 
-4.6000 -0.4957 0.0092 2000000 0.0019 
-4.5000 -0.4860 0.0090 2000000 0.0021 
-4.4000 -0.4762 0.0089 2000000 0.0023 
-4.3000 -0.4661 0.0087 2000000 0.0024 
-4.2000 -0.4557 0.0086 2000000 0.0025 
-4.1000 -0.4452 0.0084 2000000 0.0025 
-4.0000 -0.4346 0.0083 2000000 0.0026 
-3.9000 -0.4239 0.0082 2000000 0.0026 
-3.8000 -0.4132 0.0081 2000000 0.0026 
-3.7000 -0.4024 0.0080 2000000 0.0026 
-3.6000 -0.3915 0.0080 2000000 0.0026 
-3.5000 -0.3806 0.0079 2000000 0.0025 
-3.4000 -0.3696 0.0078 2000000 0.0025 
-3.3000 -0.3587 0.0078 2000000 0.0025 
-3.2000 -0.3477 0.0077 2000000 0.0024 
-3.1000 -0.3366 0.0077 2000000 0.0023 
-2.2000 -0.2382 0.0070 2000000 0.0018 
-2.1000 -0.2275 0.0069 2000000 0.0018 
-2.0000 -0.2166 0.0068 2000000 0.0017 
-1.9000 -0.2064 0.0066 2000000 0.0017 
-1.8000 -0.1955 0.0064 2000000 0.0016 
-1.7000 -0.1849 0.0063 2000000 0.0015 
-1.6000 -0.1742 0.0061 2000000 0.0014 
-1.5000 -0.1632 0.0060 2000000 0.0013 
-1.4000 -0.1527 0.0058 2000000 0.0012 
-1.3000 -0.1422 0.0056 2000000 0.0012 
-1.2000 -0.1321 0.0053 2000000 0.0011 
-1.1000 -0.1223 0.0050 2000000 0.0011 
-1.0000 -0.1121 0.0048 2000000 0.0011 
-0.9000 -0.1018 0.0046 2000000 0.0011 
-0.8000 -0.0907 0.0046 2000000 0.0010 
-0.7000 -0.0799 0.0045 2000000 0.0009 
-0.6000 -0.0686 0.0045 2000000 0.0008 
-0.5000 -0.0571 0.0045 2000000 0.0007 
-0.4000 -0.0456 0.0045 2000000 0.0005 
-0.3000 -0.0341 0.0045 2000000 0.0004 
-0.2000 -0.0227 0.0045 2000000 0.0003 
-0.1000 -0.0114 0.0045 2000000 0.0001 
0.0000 -0.0000 0.0045 2000000 0.0000 
0.1000 0.0113 0.0045 2000000 -0.0001 
0.2000 0.0227 0.0045 2000000 -0.0003 
0.3000 0.0340 0.0045 2000000 -0.0004 
0.4000 0.0455 0.0045 2000000 -0.0005 
0.5000 0.0571 0.0045 2000000 -0.0007 
0.6000 0.0686 0.0045 2000000 -0.0008 
0.7000 0.0798 0.0045 2000000 -0.0009 
0.8000 0.0906 0.0046 2000000 -0.0010 
0.9000 0.1018 0.0046 2000000 -0.0011 
1.0000 0.1121 0.0048 2000000 -0.0011 
1.1000 0.1222 0.0050 2000000 -0.0011 
1.2000 0.1320 0.0053 2000000 -0.0011 
1.3000 0.1420 0.0056 2000000 -0.0011 
1.4000 0.1526 0.0058 2000000 -0.0012 
1.5000 0.1632 0.0060 2000000 -0.0013 
1.6000 0.1740 0.0061 2000000 -0.0014 
1.8000 0.1954 0.0065 2000000 -0.0016 
2.0000 0.2166 0.0068 2000000 -0.0017 
2.1000 0.2275 0.0069 2000000 -0.0018 
2.2000 0.2382 0.0070 2000000 -0.0018 
2.3000 0.2490 0.0072 2000000 -0.0019 
2.4000 0.2598 0.0072 2000000 -0.0020 
2.5000 0.2709 0.0073 2000000 -0.0021 
2.6000 0.2820 0.0073 2000000 -0.0022 
2.7000 0.2931 0.0074 2000000 -0.0022 
2.8000 0.3041 0.0074 2000000 -0.0023 
2.9000 0.3152 0.0075 2000000 -0.0024 
3.0000 0.3262 0.0075 2000000 -0.0025 
3.1000 0.3368 0.0076 2000000 -0.0025 
3.2000 0.3476 0.0077 2000000 -0.0024 
3.3000 0.3587 0.0078 2000000 -0.0024 
3.4000 0.3696 0.0078 2000000 -0.0025 
3.5000 0.3806 0.0079 2000000 -0.0025 
3.6000 0.3915 0.0080 2000000 -0.0025 
3.7000 0.4024 0.0080 2000000 -0.0026 
3.8000 0.4132 0.0081 2000000 -0.0026 
3.9000 0.4239 0.0082 2000000 -0.0026 
4.0000 0.4346 0.0083 2000000 -0.0025 
4.1000 0.4452 0.0084 2000000 -0.0025 
4.2000 0.4557 0.0086 2000000 -0.0025 
4.4000 0.4761 0.0089 2000000 -0.0023 
4.5000 0.4860 0.0090 2000000 -0.0021 
4.6000 0.4957 0.0092 2000000 -0.0019 
4.7000 0.5050 0.0094 2000000 -0.0016 
4.8000 0.5141 0.0097 2000000 -0.0013 
4.9000 0.5229 0.0099 2000000 -0.0010 
5.0000 0.5312 0.0102 2000000 -0.0005 
5.1000 0.5391 0.0106 2000000 0.0000 
5.2000 0.5631 0.0091 2000000 -0.0028 
5.3000 0.5738 0.0091 2000000 -0.0028 
5.4000 0.5844 0.0092 2000000 -0.0028 
5.5000 0.5949 0.0093 2000000 -0.0028 
5.6000 0.6054 0.0094 2000000 -0.0028 
5.7000 0.6158 0.0095 2000000 -0.0027 
5.8000 0.6261 0.0096 2000000 -0.0027 
5.9000 0.6364 0.0097 2000000 -0.0027 
6.0000 0.6467 0.0098 2000000 -0.0026 
6.1000 0.6569 0.0099 2000000 -0.0025 
6.2000 0.6670 0.0100 2000000 -0.0025 
6.3000 0.6770 0.0101 2000000 -0.0024 
6.4000 0.6869 0.0102 2000000 -0.0022 
6.5000 0.6967 0.0103 2000000 -0.0021 
6.6000 0.7064 0.0104 2000000 -0.0019 
6.7000 0.7159 0.0106 2000000 -0.0017 
6.8000 0.7253 0.0107 2000000 -0.0015 
6.9000 0.7347 0.0108 2000000 -0.0013 
7.0000 0.7439 0.0110 2000000 -0.0010 
7.1000 0.7530 0.0111 2000000 -0.0008 
7.2000 0.7619 0.0113 2000000 -0.0005 
7.3000 0.7707 0.0114 2000000 -0.0002 
7.5000 0.7886 0.0118 2000000 0.0003 
7.6000 0.8008 0.0116 2000000 0.0000 
7.7000 0.8117 0.0116 2000000 -0.0001 
7.8000 0.8223 0.0116 2000000 -0.0001 
7.9000 0.8326 0.0117 2000000 -0.0001 
8.0000 0.8426 0.0118 2000000 -0.0000 
8.1000 0.8525 0.0118 2000000 0.0001 
8.2000 0.8621 0.0119 2000000 0.0002 
8.3000 0.8716 0.0120 2000000 0.0004 
8.4000 0.8809 0.0120 2000000 0.0006 
8.5000 0.8898 0.0121 2000000 0.0009 
8.6000 0.8988 0.0122 2000000 0.0012 
8.7000 0.9077 0.0122 2000000 0.0015 
8.8000 0.9166 0.0123 2000000 0.0018 
8.9000 0.9255 0.0124 2000000 0.0021 
9.0000 0.9343 0.0125 2000000 0.0024 
9.1000 0.9431 0.0126 2000000 0.0027 
9.2000 0.9520 0.0127 2000000 0.0030 
9.3000 0.9607 0.0128 2000000 0.0033 
9.4000 0.9694 0.0129 2000000 0.0036 
9.5000 0.9779 0.0130 2000000 0.0040 
9.6000 0.9859 0.0131 2000000 0.0044 
9.7000 0.9930 0.0132 2000000 0.0050 
9.8000 0.9995 0.0132 2000000 0.0058 
9.9000 1.0057 0.0134 2000000 0.0066 
10.0000 1.0117 0.0135 2000000 0.0075 
10.1000 1.0174 0.0136 2000000 0.0084 
10.2000 1.0229 0.0137 2000000 0.0093 
10.3000 1.0281 0.0139 2000000 0.0103 
10.4000 1.0332 0.0140 2000000 0.0113 
10.5000 1.0385 0.0142 2000000 0.0122 
10.6000 1.0464 0.0143 2000000 0.0126 
10.7000 1.0529 0.0144 2000000 0.0132 
10.8000 1.0591 0.0146 2000000 0.0139 
10.9000 1.0654 0.0147 2000000 0.0145 
11.0000 1.0709 0.0149 2000000 0.0153 
11.1000 1.0747 0.0151 2000000 0.0164 
11.2000 1.0786 0.0152 2000000 0.0175 
11.3000 1.0822 0.0154 2000000 0.0186 
11.4000 1.0849 0.0156 2000000 0.0199 
11.5000 1.0876 0.0158 2000000 0.0211 
11.6000 1.0908 0.0160 2000000 0.0222 
11.7000 1.0945 0.0163 2000000 0.0232 
11.8000 1.0984 0.0165 2000000 0.0242 
11.9000 1.1021 0.0167 2000000 0.0252 
12.0000 1.1060 0.0169 2000000 0.0261 
12.1000 1.1093 0.0172 2000000 0.0271 
12.2000 1.1115 0.0175 2000000 0.0283 
12.3000 1.1138 0.0177 2000000 0.0294 
12.4000 1.1167 0.0180 2000000 0.0304 
12.5000 1.1199 0.0183 2000000 0.0314 
12.6000 1.1231 0.0186 2000000 0.0323 
12.7000 1.1262 0.0188 2000000 0.0332 
12.8000 1.1293 0.0192 2000000 0.0341 
12.9000 1.1320 0.0195 2000000 0.0351 
13.0000 1.1333 0.0198 2000000 0.0362 
13.1000 1.1348 0.0201 2000000 0.0372 
13.2000 1.1368 0.0205 2000000 0.0382 
13.3000 1.1391 0.0208 2000000 0.0391 
13.4000 1.1414 0.0212 2000000 0.0400 
13.5000 1.1438 0.0215 2000000 0.0408 
13.6000 1.1462 0.0219 2000000 0.0417 
13.8000 1.1471 0.0228 2000000 0.0437 
13.7000 1.1474 0.0223 2000000 0.0426 
13.9000 1.1479 0.0232 2000000 0.0446 
14.0000 1.1486 0.0237 2000000 0.0455 
14.1000 1.1500 0.0242 2000000 0.0464 
15.0000 1.1503 0.0293 2000000 0.0536 
14.8000 1.1511 0.0280 2000000 0.0521 
14.9000 1.1511 0.0286 2000000 0.0528 
14.7000 1.1515 0.0274 2000000 0.0514 
14.6000 1.1516 0.0268 2000000 0.0506 
14.2000 1.1517 0.0246 2000000 0.0472 
14.3000 1.1527 0.0251 2000000 0.0480 
14.5000 1.1535 0.0262 2000000 0.0496 
14.4000 1.1539 0.0256 2000000 0.0487 
-5.0000 -0.5488 0.0082 3000000 0.0042 
-4.9000 -0.5366 0.0084 3000000 0.0036 
-4.8000 -0.5261 0.0082 3000000 0.0037 
-4.7000 -0.5156 0.0081 3000000 0.0038 
-4.6000 -0.5050 0.0080 3000000 0.0038 
-4.5000 -0.4943 0.0079 3000000 0.0038 
-4.4000 -0.4836 0.0078 3000000 0.0038 
-4.3000 -0.4728 0.0078 3000000 0.0038 
-4.2000 -0.4620 0.0077 3000000 0.0038 
-4.1000 -0.4511 0.0076 3000000 0.0037 
-4.0000 -0.4401 0.0076 3000000 0.0037 
-3.9000 -0.4291 0.0075 3000000 0.0037 
-3.8000 -0.4181 0.0075 3000000 0.0036 
-3.7000 -0.4070 0.0074 3000000 0.0035 
-3.6000 -0.3960 0.0074 3000000 0.0035 
-3.5000 -0.3848 0.0073 3000000 0.0034 
-3.4000 -0.3737 0.0073 3000000 0.0033 
-3.3000 -0.3625 0.0072 3000000 0.0032 
-3.2000 -0.3513 0.0072 3000000 0.0031 
-3.1000 -0.3401 0.0072 3000000 0.0030 
-3.0000 -0.3289 0.0071 3000000 0.0029 
-2.9000 -0.3176 0.0070 3000000 0.0028 
-2.8000 -0.3064 0.0070 3000000 0.0027 
-2.4000 -0.2618 0.0067 3000000 0.0024 
-2.3000 -0.2505 0.0067 3000000 0.0022 
-2.2000 -0.2392 0.0066 3000000 0.0021 
-2.1000 -0.2279 0.0066 3000000 0.0020 
-2.0000 -0.2166 0.0066 3000000 0.0019 
-1.9000 -0.2054 0.0065 3000000 0.0018 
-1.8000 -0.1942 0.0065 3000000 0.0017 
-1.7000 -0.1830 0.0065 3000000 0.0016 
-1.6000 -0.1720 0.0065 3000000 0.0015 
-1.5000 -0.1612 0.0064 3000000 0.0014 
-1.4000 -0.1499 0.0063 3000000 0.0013 
-1.3000 -0.1391 0.0062 3000000 0.0012 
-1.1000 -0.1176 0.0060 3000000 0.0011 
-1.0000 -0.1064 0.0060 3000000 0.0010 
-0.9000 -0.0958 0.0059 3000000 0.0009 
-0.8000 -0.0854 0.0057 3000000 0.0008 
-0.7000 -0.0747 0.0055 3000000 0.0007 
-0.6000 -0.0643 0.0053 3000000 0.0006 
-0.5000 -0.0538 0.0050 3000000 0.0005 
-0.4000 -0.0436 0.0047 3000000 0.0004 
-0.3000 -0.0331 0.0045 3000000 0.0003 
-0.2000 -0.0223 0.0044 3000000 0.0002 
-0.1000 -0.0111 0.0044 3000000 0.0001 
0.0000 -0.0000 0.0044 3000000 0.0000 
0.1000 0.0111 0.0044 3000000 -0.0001 
0.2000 0.0223 0.0044 3000000 -0.0002 
0.3000 0.0330 0.0045 3000000 -0.0003 
0.4000 0.0436 0.0047 3000000 -0.0004 
0.5000 0.0537 0.0050 3000000 -0.0005 
0.6000 0.0641 0.0053 3000000 -0.0006 
0.7000 0.0746 0.0055 3000000 -0.0007 
0.8000 0.0853 0.0057 3000000 -0.0008 
0.9000 0.0957 0.0059 3000000 -0.0009 
1.0000 0.1063 0.0060 3000000 -0.0010 
1.1000 0.1175 0.0060 3000000 -0.0011 
1.3000 0.1390 0.0062 3000000 -0.0012 
1.4000 0.1499 0.0064 3000000 -0.0013 
1.5000 0.1611 0.0064 3000000 -0.0014 
1.6000 0.1718 0.0065 3000000 -0.0015 
1.7000 0.1830 0.0065 3000000 -0.0016 
1.8000 0.1941 0.0065 3000000 -0.0017 
1.9000 0.2054 0.0065 3000000 -0.0018 
2.0000 0.2166 0.0066 3000000 -0.0019 
2.1000 0.2279 0.0066 3000000 -0.0020 
2.2000 0.2392 0.0066 3000000 -0.0021 
2.3000 0.2505 0.0067 3000000 -0.0022 
2.4000 0.2618 0.0067 3000000 -0.0024 
2.5000 0.2731 0.0068 3000000 -0.0025 
2.6000 0.2843 0.0068 3000000 -0.0026 
2.7000 0.2951 0.0069 3000000 -0.0026 
2.8000 0.3064 0.0070 3000000 -0.0027 
2.9000 0.3176 0.0070 3000000 -0.0028 
3.0000 0.3289 0.0071 3000000 -0.0029 
3.1000 0.3401 0.0072 3000000 -0.0030 
3.2000 0.3513 0.0072 3000000 -0.0031 
3.3000 0.3625 0.0072 3000000 -0.0032 
3.4000 0.3737 0.0073 3000000 -0.0033 
3.5000 0.3848 0.0073 3000000 -0.0034 
3.6000 0.3959 0.0074 3000000 -0.0035 
3.7000 0.4070 0.0074 3000000 -0.0035 
3.8000 0.4181 0.0075 3000000 -0.0036 
3.9000 0.4291 0.0075 3000000 -0.0037 
4.0000 0.4401 0.0076 3000000 -0.0037 
4.1000 0.4511 0.0076 3000000 -0.0037 
4.2000 0.4619 0.0077 3000000 -0.0038 
4.3000 0.4728 0.0078 3000000 -0.0038 
4.4000 0.4836 0.0078 3000000 -0.0038 
4.5000 0.4943 0.0079 3000000 -0.0038 
4.6000 0.5050 0.0080 3000000 -0.0038 
4.7000 0.5156 0.0081 3000000 -0.0037 
4.8000 0.5261 0.0082 3000000 -0.0037 
4.9000 0.5365 0.0084 3000000 -0.0036 
5.0000 0.5488 0.0082 3000000 -0.0041 
5.1000 0.5595 0.0083 3000000 -0.0042 
5.3000 0.5806 0.0085 3000000 -0.0041 
5.4000 0.5910 0.0086 3000000 -0.0041 
5.5000 0.6013 0.0087 3000000 -0.0040 
5.6000 0.6115 0.0088 3000000 -0.0040 
5.7000 0.6220 0.0088 3000000 -0.0039 
5.8000 0.6322 0.0089 3000000 -0.0038 
5.9000 0.6422 0.0091 3000000 -0.0037 
6.0000 0.6522 0.0092 3000000 -0.0036 
6.1000 0.6619 0.0094 3000000 -0.0034 
6.2000 0.6715 0.0095 3000000 -0.0033 
6.3000 0.6808 0.0097 3000000 -0.0030 
6.4000 0.6900 0.0100 3000000 -0.0028 
6.5000 0.7009 0.0100 3000000 -0.0028 
6.6000 0.7116 0.0100 3000000 -0.0029 
6.7000 0.7225 0.0101 3000000 -0.0029 
6.8000 0.7332 0.0101 3000000 -0.0030 
6.9000 0.7438 0.0101 3000000 -0.0030 
7.0000 0.7545 0.0102 3000000 -0.0030 
7.1000 0.7651 0.0103 3000000 -0.0031 
7.2000 0.7757 0.0103 3000000 -0.0031 
7.3000 0.7861 0.0103 3000000 -0.0031 
7.4000 0.8019 0.0098 3000000 -0.0042 
7.5000 0.8124 0.0099 3000000 -0.0042 
7.6000 0.8226 0.0100 3000000 -0.0041 
7.7000 0.8327 0.0100 3000000 -0.0040 
7.8000 0.8428 0.0101 3000000 -0.0040 
7.9000 0.8527 0.0102 3000000 -0.0039 
8.0000 0.8626 0.0103 3000000 -0.0037 
8.1000 0.8724 0.0103 3000000 -0.0036 
8.2000 0.8821 0.0104 3000000 -0.0035 
8.3000 0.8918 0.0105 3000000 -0.0034 
8.4000 0.9015 0.0106 3000000 -0.0032 
8.5000 0.9111 0.0107 3000000 -0.0030 
8.6000 0.9206 0.0108 3000000 -0.0029 
8.7000 0.9302 0.0109 3000000 -0.0027 
8.8000 0.9396 0.0111 3000000 -0.0025 
8.9000 0.9489 0.0112 3000000 -0.0023 
9.0000 0.9583 0.0113 3000000 -0.0021 
9.1000 0.9675 0.0114 3000000 -0.0019 
9.2000 0.9765 0.0115 3000000 -0.0016 
9.3000 0.9854 0.0116 3000000 -0.0013 
9.4000 0.9941 0.0117 3000000 -0.0010 
9.5000 1.0026 0.0118 3000000 -0.0006 
9.6000 1.0110 0.0119 3000000 -0.0003 
9.7000 1.0193 0.0120 3000000 0.0002 
9.8000 1.0275 0.0122 3000000 0.0006 
9.9000 1.0357 0.0123 3000000 0.0010 
10.0000 1.0438 0.0124 3000000 0.0014 
10.1000 1.0519 0.0125 3000000 0.0018 
10.2000 1.0599 0.0127 3000000 0.0023 
10.3000 1.0678 0.0128 3000000 0.0027 
10.4000 1.0763 0.0129 3000000 0.0031 
10.5000 1.0835 0.0130 3000000 0.0037 
10.6000 1.0898 0.0131 3000000 0.0045 
10.7000 1.0956 0.0132 3000000 0.0054 
10.8000 1.1013 0.0133 3000000 0.0063 
10.9000 1.1068 0.0135 3000000 0.0072 
11.0000 1.1123 0.0136 3000000 0.0081 
11.1000 1.1176 0.0137 3000000 0.0090 
11.2000 1.1225 0.0139 3000000 0.0101 
11.3000 1.1237 0.0140 3000000 0.0118 
11.4000 1.1268 0.0141 3000000 0.0131 
11.5000 1.1318 0.0143 3000000 0.0140 
11.6000 1.1377 0.0144 3000000 0.0147 
11.7000 1.1431 0.0146 3000000 0.0155 
11.8000 1.1470 0.0148 3000000 0.0166 
11.9000 1.1501 0.0150 3000000 0.0178 
12.0000 1.1522 0.0151 3000000 0.0192 
12.1000 1.1547 0.0153 3000000 0.0204 
12.2000 1.1581 0.0155 3000000 0.0215 
12.3000 1.1618 0.0157 3000000 0.0226 
12.4000 1.1657 0.0159 3000000 0.0235 
12.5000 1.1696 0.0162 3000000 0.0245 
12.6000 1.1736 0.0164 3000000 0.0254 
12.7000 1.1766 0.0166 3000000 0.0265 
12.8000 1.1781 0.0169 3000000 0.0277 
12.9000 1.1805 0.0171 3000000 0.0288 
13.0000 1.1835 0.0174 3000000 0.0298 
13.1000 1.1869 0.0177 3000000 0.0308 
13.2000 1.1902 0.0179 3000000 0.0317 
13.3000 1.1937 0.0182 3000000 0.0326 
13.4000 1.1970 0.0185 3000000 0.0335 
13.5000 1.1999 0.0188 3000000 0.0344 
13.6000 1.2010 0.0191 3000000 0.0355 
13.7000 1.2021 0.0194 3000000 0.0366 
13.8000 1.2042 0.0197 3000000 0.0376 
13.9000 1.2070 0.0200 3000000 0.0385 
14.0000 1.2095 0.0204 3000000 0.0393 
14.1000 1.2122 0.0207 3000000 0.0402 
14.2000 1.2150 0.0210 3000000 0.0410 
14.4000 1.2171 0.0218 3000000 0.0429 
14.3000 1.2172 0.0214 3000000 0.0418 
14.5000 1.2172 0.0222 3000000 0.0439 
14.6000 1.2184 0.0227 3000000 0.0448 
14.7000 1.2206 0.0230 3000000 0.0456 
14.8000 1.2223 0.0235 3000000 0.0464 
14.9000 1.2242 0.0239 3000000 0.0471 
15.0000 1.2257 0.0244 3000000 0.0479 
