Clark y
-10	-0.262300000000000	0.124060000000000	20000	0.112230000000000
-9.75000000000000	-0.244200000000000	0.119740000000000	20000	0.107830000000000
-9.50000000000000	-0.230500000000000	0.116870000000000	20000	0.104940000000000
-9.25000000000000	-0.180500000000000	0.107960000000000	20000	0.0959200000000000
-9	-0.130700000000000	0.0996900000000000	20000	0.0875100000000000
-8.75000000000000	-0.0655000000000000	0.0894300000000000	20000	0.0770500000000000
-8.50000000000000	-0.0567000000000000	0.0868700000000000	20000	0.0745200000000000
-8.25000000000000	-0.0480000000000000	0.0843600000000000	20000	0.0720400000000000
-8	-0.0394000000000000	0.0818900000000000	20000	0.0696100000000000
-7.75000000000000	-0.0309000000000000	0.0794900000000000	20000	0.0672300000000000
-7.50000000000000	-0.0227000000000000	0.0771400000000000	20000	0.0649200000000000
-7.25000000000000	-0.0146000000000000	0.0748400000000000	20000	0.0626700000000000
-7	-0.00680000000000000	0.0726100000000000	20000	0.0604300000000000
-6.75000000000000	-0.0485000000000000	0.0755800000000000	20000	0.0636400000000000
-6.50000000000000	-0.146900000000000	0.0829000000000000	20000	0.0715500000000000
-6.25000000000000	-0.231500000000000	0.0873900000000000	20000	0.0765200000000000
-6	-0.284700000000000	0.0876300000000000	20000	0.0771100000000000
-5.75000000000000	-0.336200000000000	0.0877700000000000	20000	0.0776200000000000
-5.50000000000000	-0.365100000000000	0.0857900000000000	20000	0.0758400000000000
-5.25000000000000	-0.398300000000000	0.0838000000000000	20000	0.0740600000000000
-5	-0.410100000000000	0.0804000000000000	20000	0.0707500000000000
-4.75000000000000	-0.429100000000000	0.0769900000000000	20000	0.0673500000000000
-4.50000000000000	-0.427600000000000	0.0728700000000000	20000	0.0631300000000000
-4.25000000000000	-0.418000000000000	0.0689800000000000	20000	0.0591800000000000
-4	-0.406500000000000	0.0648900000000000	20000	0.0548600000000000
-3.75000000000000	-0.390100000000000	0.0609800000000000	20000	0.0507200000000000
-3.50000000000000	-0.365800000000000	0.0568700000000000	20000	0.0460900000000000
-3.25000000000000	-0.341900000000000	0.0536100000000000	20000	0.0424300000000000
-3	-0.319900000000000	0.0509200000000000	20000	0.0395500000000000
-2.75000000000000	-0.294400000000000	0.0485200000000000	20000	0.0367200000000000
-2.50000000000000	-0.270200000000000	0.0464400000000000	20000	0.0344100000000000
-2.25000000000000	-0.241700000000000	0.0443200000000000	20000	0.0319700000000000
-2	-0.216800000000000	0.0424800000000000	20000	0.0300000000000000
-1.75000000000000	-0.190400000000000	0.0406700000000000	20000	0.0280800000000000
-1.50000000000000	-0.170200000000000	0.0387900000000000	20000	0.0265800000000000
-1.25000000000000	-0.156600000000000	0.0366400000000000	20000	0.0251700000000000
-1	-0.0885000000000000	0.0333400000000000	20000	0.0211300000000000
-0.750000000000000	-0.0660000000000000	0.0338100000000000	20000	0.0207700000000000
-0.500000000000000	-0.0458000000000000	0.0343400000000000	20000	0.0206800000000000
-0.250000000000000	-0.0264000000000000	0.0349200000000000	20000	0.0207900000000000
0	-0.00750000000000000	0.0355600000000000	20000	0.0210200000000000
0.250000000000000	0.0110000000000000	0.0362600000000000	20000	0.0213600000000000
0.500000000000000	0.0292000000000000	0.0370100000000000	20000	0.0218100000000000
0.750000000000000	0.0471000000000000	0.0378300000000000	20000	0.0223400000000000
1	0.0647000000000000	0.0387100000000000	20000	0.0229700000000000
1.25000000000000	0.0819000000000000	0.0396500000000000	20000	0.0236800000000000
1.50000000000000	0.0988000000000000	0.0406600000000000	20000	0.0245100000000000
1.75000000000000	0.115200000000000	0.0417500000000000	20000	0.0254300000000000
2	0.131200000000000	0.0429100000000000	20000	0.0264600000000000
2.25000000000000	0.146700000000000	0.0441600000000000	20000	0.0275800000000000
2.50000000000000	0.161800000000000	0.0454900000000000	20000	0.0288100000000000
2.75000000000000	0.176400000000000	0.0469100000000000	20000	0.0301400000000000
3	0.190500000000000	0.0484200000000000	20000	0.0315700000000000
3.25000000000000	0.204200000000000	0.0500100000000000	20000	0.0331000000000000
3.50000000000000	0.217500000000000	0.0516900000000000	20000	0.0347300000000000
3.75000000000000	0.230400000000000	0.0534400000000000	20000	0.0364400000000000
4	0.243100000000000	0.0552700000000000	20000	0.0382300000000000
4.25000000000000	0.255700000000000	0.0571500000000000	20000	0.0400900000000000
4.50000000000000	0.268100000000000	0.0590900000000000	20000	0.0420100000000000
4.75000000000000	0.280400000000000	0.0610800000000000	20000	0.0439800000000000
5	0.292600000000000	0.0631100000000000	20000	0.0460100000000000
5.25000000000000	0.304800000000000	0.0651900000000000	20000	0.0480900000000000
5.50000000000000	0.317000000000000	0.0673100000000000	20000	0.0502100000000000
5.75000000000000	0.329100000000000	0.0694700000000000	20000	0.0524000000000000
6	0.341100000000000	0.0716800000000000	20000	0.0546200000000000
6.25000000000000	0.353000000000000	0.0739300000000000	20000	0.0569000000000000
6.50000000000000	0.364800000000000	0.0762200000000000	20000	0.0592300000000000
6.75000000000000	0.376500000000000	0.0785700000000000	20000	0.0616300000000000
7	0.388000000000000	0.0809700000000000	20000	0.0640800000000000
7.25000000000000	0.399400000000000	0.0834200000000000	20000	0.0665900000000000
7.50000000000000	0.410700000000000	0.0859300000000000	20000	0.0691600000000000
7.75000000000000	0.421700000000000	0.0885100000000000	20000	0.0718000000000000
8	0.432600000000000	0.0911400000000000	20000	0.0745200000000000
8.25000000000000	0.443300000000000	0.0938400000000000	20000	0.0773300000000000
8.50000000000000	0.453700000000000	0.0966100000000000	20000	0.0801800000000000
8.75000000000000	0.463900000000000	0.0994400000000000	20000	0.0831100000000000
9	0.473900000000000	0.102340000000000	20000	0.0861100000000000
9.25000000000000	0.483700000000000	0.105330000000000	20000	0.0892000000000000
9.50000000000000	0.493200000000000	0.108390000000000	20000	0.0923600000000000
9.75000000000000	0.520800000000000	0.114140000000000	20000	0.0982900000000000
10	0.545900000000000	0.119260000000000	20000	0.103680000000000
10.2500000000000	0.579400000000000	0.126430000000000	20000	0.111070000000000
10.5000000000000	0.592300000000000	0.129870000000000	20000	0.114660000000000
10.7500000000000	0.605100000000000	0.133400000000000	20000	0.118340000000000
11	0.619700000000000	0.136990000000000	20000	0.122090000000000
11.2500000000000	0.639700000000000	0.142110000000000	20000	0.127360000000000
11.5000000000000	0.648600000000000	0.145360000000000	20000	0.130720000000000
11.7500000000000	0.663000000000000	0.149580000000000	20000	0.135070000000000
12	0.689700000000000	0.156780000000000	20000	0.142420000000000
12.2500000000000	0.699400000000000	0.159980000000000	20000	0.145750000000000
12.5000000000000	0.698400000000000	0.160850000000000	20000	0.146680000000000
12.7500000000000	0.708800000000000	0.164850000000000	20000	0.150760000000000
13	0.732400000000000	0.172110000000000	20000	0.158310000000000
13.2500000000000	0.728100000000000	0.171650000000000	20000	0.157870000000000
13.5000000000000	0.738700000000000	0.175500000000000	20000	0.161810000000000
13.7500000000000	0.755300000000000	0.180840000000000	20000	0.167280000000000
14	0.767100000000000	0.184470000000000	20000	0.171040000000000
14.2500000000000	0.768100000000000	0.185720000000000	20000	0.172330000000000
14.5000000000000	0.791200000000000	0.193660000000000	20000	0.180440000000000
14.7500000000000	0.788500000000000	0.192740000000000	20000	0.179570000000000
15	0.798400000000000	0.196480000000000	20000	0.183400000000000
15.2500000000000	0.821400000000000	0.204810000000000	20000	0.191900000000000
15.5000000000000	0.815900000000000	0.202810000000000	20000	0.189930000000000
15.7500000000000	0.836000000000000	0.210780000000000	20000	0.198170000000000
16	0.836000000000000	0.210240000000000	20000	0.197700000000000
16.2500000000000	0.844500000000000	0.213650000000000	20000	0.201190000000000
16.5000000000000	0.861700000000000	0.220620000000000	20000	0.208310000000000
16.7500000000000	0.863800000000000	0.220910000000000	20000	0.208670000000000
17	0.874400000000000	0.225920000000000	20000	0.213770000000000
17.2500000000000	0.890200000000000	0.232780000000000	20000	0.220770000000000
17.7500000000000	0.898400000000000	0.235310000000000	20000	0.223410000000000
18	0.910700000000000	0.241370000000000	20000	0.229540000000000
18.2500000000000	0.922500000000000	0.246660000000000	20000	0.234900000000000
18.5000000000000	0.937500000000000	0.253930000000000	20000	0.242240000000000
18.7500000000000	0.933300000000000	0.250450000000000	20000	0.238730000000000
19	0.948600000000000	0.258390000000000	20000	0.246740000000000
19.2500000000000	0.953600000000000	0.259160000000000	20000	0.247520000000000
19.5000000000000	0.960400000000000	0.262400000000000	20000	0.250760000000000
19.7500000000000	0.973300000000000	0.268200000000000	20000	0.256630000000000
20	0.979400000000000	0.271410000000000	20000	0.259820000000000
-8.50000000000000	-0.341000000000000	0.106210000000000	50000	0.0992500000000000
-8.25000000000000	-0.329100000000000	0.102400000000000	50000	0.0954800000000000
-8	-0.358700000000000	0.102800000000000	50000	0.0960900000000000
-7.75000000000000	-0.334200000000000	0.0980400000000000	50000	0.0913000000000000
-7.50000000000000	-0.348700000000000	0.0964500000000000	50000	0.0898600000000000
-7.25000000000000	-0.353900000000000	0.0947400000000000	50000	0.0882400000000000
-7	-0.350700000000000	0.0918200000000000	50000	0.0853800000000000
-6.75000000000000	-0.388200000000000	0.0924200000000000	50000	0.0862000000000000
-6.50000000000000	-0.371700000000000	0.0886600000000000	50000	0.0824400000000000
-6.25000000000000	-0.407000000000000	0.0884000000000000	50000	0.0823900000000000
-6	-0.420600000000000	0.0871500000000000	50000	0.0812400000000000
-5.75000000000000	-0.411400000000000	0.0841200000000000	50000	0.0782400000000000
-5.50000000000000	-0.417700000000000	0.0821500000000000	50000	0.0763500000000000
-5.25000000000000	-0.428100000000000	0.0804900000000000	50000	0.0747800000000000
-5	-0.451200000000000	0.0794600000000000	50000	0.0738700000000000
-4.75000000000000	-0.433100000000000	0.0763700000000000	50000	0.0707900000000000
-4.50000000000000	-0.431400000000000	0.0586300000000000	50000	0.0518900000000000
-4.25000000000000	-0.406100000000000	0.0516900000000000	50000	0.0444600000000000
-4	-0.379500000000000	0.0464800000000000	50000	0.0385700000000000
-3.75000000000000	-0.355200000000000	0.0430800000000000	50000	0.0347500000000000
-3.50000000000000	-0.327600000000000	0.0398200000000000	50000	0.0307600000000000
-3.25000000000000	-0.304600000000000	0.0380700000000000	50000	0.0287600000000000
-3	-0.280500000000000	0.0364900000000000	50000	0.0268400000000000
-2.75000000000000	-0.255100000000000	0.0349400000000000	50000	0.0248800000000000
-2.50000000000000	-0.229100000000000	0.0336500000000000	50000	0.0230900000000000
-2.25000000000000	-0.206100000000000	0.0326200000000000	50000	0.0220700000000000
-2	-0.182100000000000	0.0319000000000000	50000	0.0211400000000000
-1.75000000000000	-0.158700000000000	0.0312800000000000	50000	0.0204500000000000
-1.50000000000000	-0.135100000000000	0.0306500000000000	50000	0.0199000000000000
-1.25000000000000	-0.109400000000000	0.0301300000000000	50000	0.0194900000000000
-1	-0.0812000000000000	0.0292300000000000	50000	0.0192100000000000
-0.750000000000000	-0.0716000000000000	0.0262300000000000	50000	0.0189400000000000
-0.500000000000000	-0.0468000000000000	0.0269200000000000	50000	0.0188000000000000
-0.250000000000000	-0.00420000000000000	0.0280600000000000	50000	0.0194200000000000
0	0.0506000000000000	0.0293800000000000	50000	0.0202900000000000
0.250000000000000	0.105100000000000	0.0306000000000000	50000	0.0211600000000000
0.500000000000000	0.157000000000000	0.0316800000000000	50000	0.0219400000000000
0.750000000000000	0.199500000000000	0.0325400000000000	50000	0.0225900000000000
1	0.238700000000000	0.0333200000000000	50000	0.0232100000000000
1.25000000000000	0.276600000000000	0.0340700000000000	50000	0.0238200000000000
1.50000000000000	0.313000000000000	0.0347700000000000	50000	0.0244100000000000
1.75000000000000	0.348300000000000	0.0354100000000000	50000	0.0249700000000000
2	0.383300000000000	0.0360300000000000	50000	0.0255100000000000
2.25000000000000	0.418600000000000	0.0365800000000000	50000	0.0260200000000000
2.50000000000000	0.454400000000000	0.0370600000000000	50000	0.0264500000000000
2.75000000000000	0.490600000000000	0.0374600000000000	50000	0.0268300000000000
3	0.527500000000000	0.0377500000000000	50000	0.0271300000000000
3.25000000000000	0.564300000000000	0.0379600000000000	50000	0.0273400000000000
3.50000000000000	0.600300000000000	0.0381100000000000	50000	0.0275100000000000
3.75000000000000	0.635500000000000	0.0382100000000000	50000	0.0276300000000000
4	0.668500000000000	0.0383400000000000	50000	0.0278000000000000
4.25000000000000	0.698100000000000	0.0386000000000000	50000	0.0281000000000000
4.50000000000000	0.725600000000000	0.0389700000000000	50000	0.0285000000000000
4.75000000000000	0.750600000000000	0.0395200000000000	50000	0.0290900000000000
5	0.773400000000000	0.0402500000000000	50000	0.0298900000000000
5.25000000000000	0.795200000000000	0.0410700000000000	50000	0.0307600000000000
5.50000000000000	0.819300000000000	0.0417700000000000	50000	0.0315200000000000
5.75000000000000	0.867600000000000	0.0406100000000000	50000	0.0304600000000000
6	0.880000000000000	0.0421200000000000	50000	0.0320400000000000
6.25000000000000	0.890700000000000	0.0438300000000000	50000	0.0338200000000000
6.50000000000000	0.903300000000000	0.0454100000000000	50000	0.0354800000000000
6.75000000000000	0.926700000000000	0.0460800000000000	50000	0.0362600000000000
7	0.991500000000000	0.0431500000000000	50000	0.0334600000000000
7.25000000000000	1.00170000000000	0.0447000000000000	50000	0.0351200000000000
7.50000000000000	1.01640000000000	0.0458400000000000	50000	0.0363900000000000
7.75000000000000	1.04780000000000	0.0453500000000000	50000	0.0360100000000000
8	1.10290000000000	0.0426700000000000	50000	0.0334000000000000
8.25000000000000	1.14330000000000	0.0414100000000000	50000	0.0321800000000000
8.50000000000000	1.15910000000000	0.0421700000000000	50000	0.0330600000000000
8.75000000000000	1.17770000000000	0.0427500000000000	50000	0.0337500000000000
9	1.20490000000000	0.0427100000000000	50000	0.0337900000000000
9.25000000000000	1.24420000000000	0.0420100000000000	50000	0.0330100000000000
9.50000000000000	1.25280000000000	0.0434900000000000	50000	0.0346400000000000
9.75000000000000	1.27460000000000	0.0442000000000000	50000	0.0353800000000000
10	1.30420000000000	0.0448800000000000	50000	0.0359400000000000
10.2500000000000	1.31440000000000	0.0468000000000000	50000	0.0379900000000000
10.5000000000000	1.32800000000000	0.0485700000000000	50000	0.0398500000000000
10.7500000000000	1.34090000000000	0.0503700000000000	50000	0.0417600000000000
11	1.31770000000000	0.0542800000000000	50000	0.0460600000000000
11.2500000000000	1.33700000000000	0.0561200000000000	50000	0.0480000000000000
11.5000000000000	1.29720000000000	0.0610900000000000	50000	0.0533000000000000
11.7500000000000	1.23770000000000	0.0680300000000000	50000	0.0603900000000000
12	1.11200000000000	0.0857900000000000	50000	0.0780700000000000
12.2500000000000	1.36180000000000	0.0622800000000000	50000	0.0545900000000000
12.5000000000000	1.32130000000000	0.0678700000000000	50000	0.0604600000000000
12.7500000000000	1.32770000000000	0.0677600000000000	50000	0.0603700000000000
13	1.37160000000000	0.0621100000000000	50000	0.0543500000000000
13.2500000000000	1.32850000000000	0.0683900000000000	50000	0.0610400000000000
13.5000000000000	1.29200000000000	0.0748600000000000	50000	0.0677500000000000
13.7500000000000	1.25840000000000	0.0818100000000000	50000	0.0748300000000000
14.5000000000000	1.28810000000000	0.0825400000000000	50000	0.0752400000000000
14.7500000000000	1.25560000000000	0.0898000000000000	50000	0.0827500000000000
15	0.864100000000000	0.185090000000000	50000	0.177140000000000
-9	-0.347400000000000	0.101400000000000	100000	0.0963800000000000
-8.75000000000000	-0.380900000000000	0.100370000000000	100000	0.0955300000000000
-8.50000000000000	-0.421400000000000	0.0997900000000000	100000	0.0951500000000000
-8.25000000000000	-0.369900000000000	0.0934900000000000	100000	0.0887400000000000
-8	-0.368500000000000	0.0914600000000000	100000	0.0867500000000000
-7.75000000000000	-0.386200000000000	0.0900400000000000	100000	0.0854500000000000
-7.50000000000000	-0.417700000000000	0.0892200000000000	100000	0.0847700000000000
-7.25000000000000	-0.461600000000000	0.0877400000000000	100000	0.0834200000000000
-7	-0.481800000000000	0.0842300000000000	100000	0.0799600000000000
-6.75000000000000	-0.462000000000000	0.0825000000000000	100000	0.0782900000000000
-6.50000000000000	-0.466000000000000	0.0806500000000000	100000	0.0764700000000000
-6.25000000000000	-0.496400000000000	0.0764300000000000	100000	0.0721400000000000
-6	-0.486900000000000	0.0743800000000000	100000	0.0702200000000000
-5.75000000000000	-0.483300000000000	0.0724500000000000	100000	0.0683000000000000
-5.50000000000000	-0.480400000000000	0.0681200000000000	100000	0.0638400000000000
-5.25000000000000	-0.449200000000000	0.0639500000000000	100000	0.0594600000000000
-5	-0.421700000000000	0.0612900000000000	100000	0.0568700000000000
-4.75000000000000	-0.372700000000000	0.0426700000000000	100000	0.0365800000000000
-4.50000000000000	-0.334400000000000	0.0358700000000000	100000	0.0283700000000000
-4.25000000000000	-0.295200000000000	0.0330400000000000	100000	0.0251300000000000
-4	-0.258400000000000	0.0313300000000000	100000	0.0229000000000000
-3.75000000000000	-0.220900000000000	0.0294800000000000	100000	0.0206700000000000
-3.50000000000000	-0.177500000000000	0.0278500000000000	100000	0.0188500000000000
-3.25000000000000	-0.146700000000000	0.0268700000000000	100000	0.0177600000000000
-3	-0.104900000000000	0.0260100000000000	100000	0.0167400000000000
-2.75000000000000	-0.0711000000000000	0.0252000000000000	100000	0.0158800000000000
-2.50000000000000	-0.0332000000000000	0.0244900000000000	100000	0.0151600000000000
-2.25000000000000	0.00750000000000000	0.0236000000000000	100000	0.0144200000000000
-2	0.0372000000000000	0.0228700000000000	100000	0.0140000000000000
-1.75000000000000	0.0798000000000000	0.0216900000000000	100000	0.0136100000000000
-1.50000000000000	0.104800000000000	0.0208300000000000	100000	0.0136300000000000
-1.25000000000000	0.169600000000000	0.0195800000000000	100000	0.0135500000000000
-1	0.210000000000000	0.0194700000000000	100000	0.0131500000000000
-0.750000000000000	0.268500000000000	0.0190200000000000	100000	0.0124100000000000
-0.500000000000000	0.297100000000000	0.0189900000000000	100000	0.0122200000000000
-0.250000000000000	0.336500000000000	0.0188200000000000	100000	0.0118800000000000
0	0.367400000000000	0.0187500000000000	100000	0.0116900000000000
0.250000000000000	0.396000000000000	0.0187500000000000	100000	0.0115700000000000
0.500000000000000	0.434100000000000	0.0184600000000000	100000	0.0111700000000000
0.750000000000000	0.458700000000000	0.0185100000000000	100000	0.0111400000000000
1	0.495000000000000	0.0182000000000000	100000	0.0107400000000000
1.25000000000000	0.521800000000000	0.0181400000000000	100000	0.0106100000000000
1.50000000000000	0.547400000000000	0.0181300000000000	100000	0.0105400000000000
1.75000000000000	0.579700000000000	0.0178800000000000	100000	0.0102200000000000
2	0.608500000000000	0.0177200000000000	100000	0.0100100000000000
2.25000000000000	0.633900000000000	0.0176900000000000	100000	0.00993000000000000
2.50000000000000	0.660700000000000	0.0176100000000000	100000	0.00981000000000000
2.75000000000000	0.688500000000000	0.0175000000000000	100000	0.00966000000000000
3	0.716600000000000	0.0173900000000000	100000	0.00949000000000000
3.25000000000000	0.743800000000000	0.0173000000000000	100000	0.00936000000000000
3.50000000000000	0.769900000000000	0.0172700000000000	100000	0.00928000000000000
3.75000000000000	0.795400000000000	0.0172900000000000	100000	0.00925000000000000
4	0.821100000000000	0.0173200000000000	100000	0.00924000000000000
4.25000000000000	0.847100000000000	0.0173700000000000	100000	0.00921000000000000
4.50000000000000	0.873800000000000	0.0174600000000000	100000	0.00919000000000000
4.75000000000000	0.897200000000000	0.0177100000000000	100000	0.00940000000000000
5	0.921300000000000	0.0179800000000000	100000	0.00962000000000000
5.25000000000000	0.946000000000000	0.0182900000000000	100000	0.00985000000000000
5.50000000000000	0.970600000000000	0.0186300000000000	100000	0.0101200000000000
5.75000000000000	0.994900000000000	0.0190100000000000	100000	0.0104500000000000
6	1.01880000000000	0.0194100000000000	100000	0.0108100000000000
6.25000000000000	1.04220000000000	0.0197800000000000	100000	0.0111400000000000
6.50000000000000	1.06500000000000	0.0201400000000000	100000	0.0114600000000000
6.75000000000000	1.08730000000000	0.0205100000000000	100000	0.0118000000000000
7	1.10940000000000	0.0209400000000000	100000	0.0122400000000000
7.25000000000000	1.13150000000000	0.0214200000000000	100000	0.0127600000000000
7.50000000000000	1.15360000000000	0.0219100000000000	100000	0.0132900000000000
7.75000000000000	1.17550000000000	0.0224100000000000	100000	0.0138200000000000
8	1.19710000000000	0.0229300000000000	100000	0.0143500000000000
8.25000000000000	1.21820000000000	0.0234700000000000	100000	0.0149200000000000
8.50000000000000	1.23880000000000	0.0240500000000000	100000	0.0155100000000000
8.75000000000000	1.25810000000000	0.0246600000000000	100000	0.0161500000000000
9	1.27550000000000	0.0253100000000000	100000	0.0168500000000000
9.25000000000000	1.29080000000000	0.0259900000000000	100000	0.0176000000000000
9.50000000000000	1.30410000000000	0.0266500000000000	100000	0.0183000000000000
9.75000000000000	1.31590000000000	0.0273100000000000	100000	0.0189300000000000
10	1.32490000000000	0.0280200000000000	100000	0.0196500000000000
10.2500000000000	1.33090000000000	0.0287600000000000	100000	0.0204600000000000
10.5000000000000	1.33630000000000	0.0295400000000000	100000	0.0212700000000000
10.7500000000000	1.34130000000000	0.0304400000000000	100000	0.0221900000000000
11	1.34730000000000	0.0314800000000000	100000	0.0232200000000000
11.2500000000000	1.35390000000000	0.0326100000000000	100000	0.0242800000000000
11.5000000000000	1.35940000000000	0.0338500000000000	100000	0.0256400000000000
11.7500000000000	1.36490000000000	0.0352000000000000	100000	0.0270700000000000
12	1.36830000000000	0.0366600000000000	100000	0.0285000000000000
12.2500000000000	1.36870000000000	0.0382600000000000	100000	0.0302200000000000
12.5000000000000	1.36940000000000	0.0400700000000000	100000	0.0321700000000000
12.7500000000000	1.36870000000000	0.0420700000000000	100000	0.0342000000000000
13	1.36440000000000	0.0444200000000000	100000	0.0366600000000000
13.2500000000000	1.35680000000000	0.0472700000000000	100000	0.0396500000000000
13.5000000000000	1.34560000000000	0.0507000000000000	100000	0.0431600000000000
13.7500000000000	1.33230000000000	0.0546400000000000	100000	0.0471200000000000
14	1.31960000000000	0.0587300000000000	100000	0.0512000000000000
14.2500000000000	1.31030000000000	0.0625500000000000	100000	0.0549900000000000
14.5000000000000	1.30500000000000	0.0662200000000000	100000	0.0587900000000000
14.7500000000000	1.30110000000000	0.0696300000000000	100000	0.0621900000000000
15	1.29960000000000	0.0728900000000000	100000	0.0655600000000000
15.2500000000000	1.29700000000000	0.0764700000000000	100000	0.0692900000000000
15.5000000000000	1.29520000000000	0.0798500000000000	100000	0.0727200000000000
15.7500000000000	1.29750000000000	0.0826100000000000	100000	0.0754100000000000
16	1.29210000000000	0.0868700000000000	100000	0.0799500000000000
16.2500000000000	1.28730000000000	0.0911100000000000	100000	0.0844100000000000
16.5000000000000	1.28220000000000	0.0954600000000000	100000	0.0889600000000000
16.7500000000000	1.27550000000000	0.100140000000000	100000	0.0938200000000000
17	1.26730000000000	0.105180000000000	100000	0.0990500000000000
17.2500000000000	1.25680000000000	0.110770000000000	100000	0.104830000000000
17.5000000000000	1.24190000000000	0.117390000000000	100000	0.111670000000000
17.7500000000000	1.21810000000000	0.126140000000000	100000	0.120690000000000
18	1.17160000000000	0.140840000000000	100000	0.135760000000000
18.2500000000000	1.06570000000000	0.175340000000000	100000	0.170520000000000
18.5000000000000	1.06340000000000	0.180800000000000	100000	0.175970000000000
18.7500000000000	0.995000000000000	0.219550000000000	100000	0.214430000000000
19	1.00310000000000	0.223950000000000	100000	0.218840000000000
-9	-0.408200000000000	0.0934400000000000	200000	0.0900500000000000
-8.75000000000000	-0.439100000000000	0.0915100000000000	200000	0.0882400000000000
-8.50000000000000	-0.467000000000000	0.0889200000000000	200000	0.0857100000000000
-8.25000000000000	-0.477200000000000	0.0845600000000000	200000	0.0814200000000000
-8	-0.467000000000000	0.0834900000000000	200000	0.0803900000000000
-7.75000000000000	-0.473000000000000	0.0820900000000000	200000	0.0790300000000000
-7.50000000000000	-0.452800000000000	0.0791500000000000	200000	0.0760700000000000
-7.25000000000000	-0.429100000000000	0.0736700000000000	200000	0.0705300000000000
-7	-0.415800000000000	0.0610000000000000	200000	0.0575100000000000
-6.75000000000000	-0.390300000000000	0.0590500000000000	200000	0.0555900000000000
-6.50000000000000	-0.361500000000000	0.0554600000000000	200000	0.0519000000000000
-6.25000000000000	-0.345000000000000	0.0480800000000000	200000	0.0440000000000000
-6	-0.324000000000000	0.0341600000000000	200000	0.0288600000000000
-5.75000000000000	-0.303600000000000	0.0280000000000000	200000	0.0214900000000000
-5.50000000000000	-0.270200000000000	0.0256900000000000	200000	0.0189200000000000
-5.25000000000000	-0.231800000000000	0.0239100000000000	200000	0.0169000000000000
-5	-0.191000000000000	0.0222300000000000	200000	0.0149700000000000
-4.75000000000000	-0.165400000000000	0.0211800000000000	200000	0.0137700000000000
-4.50000000000000	-0.127300000000000	0.0200500000000000	200000	0.0124900000000000
-4.25000000000000	-0.0881000000000000	0.0190800000000000	200000	0.0114200000000000
-4	-0.0604000000000000	0.0184700000000000	200000	0.0107200000000000
-3.75000000000000	-0.0261000000000000	0.0177800000000000	200000	0.00991000000000000
-3.50000000000000	0.00910000000000000	0.0165900000000000	200000	0.00877000000000000
-3.25000000000000	0.0342000000000000	0.0160900000000000	200000	0.00829000000000000
-3	0.0668000000000000	0.0155300000000000	200000	0.00768000000000000
-2.75000000000000	0.0940000000000000	0.0148500000000000	200000	0.00710000000000000
-2.50000000000000	0.122100000000000	0.0140300000000000	200000	0.00642000000000000
-2.25000000000000	0.147900000000000	0.0132800000000000	200000	0.00605000000000000
-2	0.175100000000000	0.0127100000000000	200000	0.00578000000000000
-1.75000000000000	0.199800000000000	0.0122600000000000	200000	0.00560000000000000
-1.50000000000000	0.224900000000000	0.0115600000000000	200000	0.00536000000000000
-1.25000000000000	0.242900000000000	0.0108700000000000	200000	0.00534000000000000
-1	0.270900000000000	0.0103600000000000	200000	0.00534000000000000
-0.750000000000000	0.331500000000000	0.0103000000000000	200000	0.00523000000000000
-0.500000000000000	0.395300000000000	0.0101400000000000	200000	0.00489000000000000
-0.250000000000000	0.418200000000000	0.0101500000000000	200000	0.00480000000000000
0	0.442400000000000	0.0101600000000000	200000	0.00470000000000000
0.250000000000000	0.468000000000000	0.0101500000000000	200000	0.00455000000000000
0.500000000000000	0.491500000000000	0.0102000000000000	200000	0.00453000000000000
0.750000000000000	0.516100000000000	0.0102400000000000	200000	0.00447000000000000
1	0.541900000000000	0.0102600000000000	200000	0.00437000000000000
1.25000000000000	0.565600000000000	0.0103200000000000	200000	0.00437000000000000
1.50000000000000	0.589900000000000	0.0103900000000000	200000	0.00437000000000000
1.75000000000000	0.614900000000000	0.0104600000000000	200000	0.00436000000000000
2	0.640200000000000	0.0105300000000000	200000	0.00433000000000000
2.25000000000000	0.664100000000000	0.0106100000000000	200000	0.00436000000000000
2.50000000000000	0.688300000000000	0.0107100000000000	200000	0.00440000000000000
2.75000000000000	0.712600000000000	0.0108100000000000	200000	0.00444000000000000
3	0.737000000000000	0.0109200000000000	200000	0.00449000000000000
3.25000000000000	0.761200000000000	0.0110400000000000	200000	0.00456000000000000
3.50000000000000	0.785200000000000	0.0111700000000000	200000	0.00462000000000000
3.75000000000000	0.809100000000000	0.0113300000000000	200000	0.00468000000000000
4	0.832400000000000	0.0115200000000000	200000	0.00480000000000000
4.25000000000000	0.855300000000000	0.0117400000000000	200000	0.00494000000000000
4.50000000000000	0.878100000000000	0.0120100000000000	200000	0.00508000000000000
4.75000000000000	0.900500000000000	0.0123100000000000	200000	0.00530000000000000
5	0.922700000000000	0.0126600000000000	200000	0.00551000000000000
5.25000000000000	0.945000000000000	0.0130000000000000	200000	0.00576000000000000
5.50000000000000	0.967100000000000	0.0133500000000000	200000	0.00602000000000000
5.75000000000000	0.989200000000000	0.0137100000000000	200000	0.00630000000000000
6	1.01160000000000	0.0140800000000000	200000	0.00660000000000000
6.25000000000000	1.03450000000000	0.0144400000000000	200000	0.00693000000000000
6.50000000000000	1.05760000000000	0.0148300000000000	200000	0.00730000000000000
6.75000000000000	1.08040000000000	0.0152500000000000	200000	0.00766000000000000
7	1.10320000000000	0.0156300000000000	200000	0.00805000000000000
7.25000000000000	1.12620000000000	0.0160200000000000	200000	0.00848000000000000
7.50000000000000	1.14860000000000	0.0164800000000000	200000	0.00890000000000000
7.75000000000000	1.17050000000000	0.0168600000000000	200000	0.00933000000000000
8	1.19180000000000	0.0172600000000000	200000	0.00978000000000000
8.25000000000000	1.21200000000000	0.0176900000000000	200000	0.0102300000000000
8.50000000000000	1.23100000000000	0.0181100000000000	200000	0.0106600000000000
8.75000000000000	1.24900000000000	0.0185200000000000	200000	0.0111000000000000
9	1.26630000000000	0.0189100000000000	200000	0.0115500000000000
9.25000000000000	1.28260000000000	0.0193200000000000	200000	0.0120300000000000
9.50000000000000	1.29600000000000	0.0198400000000000	200000	0.0125300000000000
9.75000000000000	1.30720000000000	0.0204800000000000	200000	0.0131400000000000
10	1.31580000000000	0.0213800000000000	200000	0.0139200000000000
10.2500000000000	1.32460000000000	0.0223900000000000	200000	0.0148600000000000
10.5000000000000	1.33330000000000	0.0234700000000000	200000	0.0159000000000000
10.7500000000000	1.34200000000000	0.0245800000000000	200000	0.0169900000000000
11	1.34940000000000	0.0258100000000000	200000	0.0181800000000000
11.2500000000000	1.36090000000000	0.0268200000000000	200000	0.0192700000000000
11.5000000000000	1.37040000000000	0.0279900000000000	200000	0.0204700000000000
11.7500000000000	1.37750000000000	0.0293500000000000	200000	0.0218400000000000
12	1.38590000000000	0.0306900000000000	200000	0.0232300000000000
12.2500000000000	1.39200000000000	0.0322700000000000	200000	0.0248300000000000
12.5000000000000	1.39650000000000	0.0340700000000000	200000	0.0266200000000000
12.7500000000000	1.39400000000000	0.0365500000000000	200000	0.0289900000000000
13	1.39070000000000	0.0392100000000000	200000	0.0316300000000000
13.2500000000000	1.38730000000000	0.0419800000000000	200000	0.0344400000000000
13.5000000000000	1.38330000000000	0.0449500000000000	200000	0.0374900000000000
13.7500000000000	1.38020000000000	0.0479300000000000	200000	0.0406000000000000
14	1.37530000000000	0.0512200000000000	200000	0.0440100000000000
14.2500000000000	1.36810000000000	0.0549100000000000	200000	0.0478000000000000
14.5000000000000	1.35810000000000	0.0590800000000000	200000	0.0520800000000000
14.7500000000000	1.35080000000000	0.0630900000000000	200000	0.0562000000000000
15	1.34510000000000	0.0670200000000000	200000	0.0602700000000000
15.2500000000000	1.33900000000000	0.0710900000000000	200000	0.0644700000000000
15.5000000000000	1.33270000000000	0.0752600000000000	200000	0.0687600000000000
15.7500000000000	1.32620000000000	0.0795500000000000	200000	0.0731600000000000
16	1.31990000000000	0.0838700000000000	200000	0.0775600000000000
16.2500000000000	1.31360000000000	0.0881500000000000	200000	0.0819200000000000
-9.25000000000000	-0.394000000000000	0.0850400000000000	500000	0.0828000000000000
-9	-0.403300000000000	0.0827500000000000	500000	0.0805600000000000
-8.75000000000000	-0.492900000000000	0.0459400000000000	500000	0.0433200000000000
-8.50000000000000	-0.497400000000000	0.0345600000000000	500000	0.0311600000000000
-8.25000000000000	-0.475900000000000	0.0299400000000000	500000	0.0259500000000000
-8	-0.446300000000000	0.0276800000000000	500000	0.0232500000000000
-7.75000000000000	-0.430100000000000	0.0233100000000000	500000	0.0184300000000000
-7.50000000000000	-0.402400000000000	0.0215500000000000	500000	0.0165300000000000
-7.25000000000000	-0.372200000000000	0.0201800000000000	500000	0.0150000000000000
-7	-0.347900000000000	0.0191900000000000	500000	0.0138900000000000
-6.75000000000000	-0.320500000000000	0.0182900000000000	500000	0.0128800000000000
-6.50000000000000	-0.294200000000000	0.0172400000000000	500000	0.0116700000000000
-6.25000000000000	-0.269600000000000	0.0162900000000000	500000	0.0105700000000000
-6	-0.242600000000000	0.0154300000000000	500000	0.00958000000000000
-5.75000000000000	-0.218100000000000	0.0147100000000000	500000	0.00876000000000000
-5.50000000000000	-0.191500000000000	0.0140800000000000	500000	0.00802000000000000
-5.25000000000000	-0.165800000000000	0.0136100000000000	500000	0.00747000000000000
-5	-0.139100000000000	0.0131200000000000	500000	0.00689000000000000
-4.75000000000000	-0.113900000000000	0.0124400000000000	500000	0.00613000000000000
-4.50000000000000	-0.0885000000000000	0.0117100000000000	500000	0.00534000000000000
-4.25000000000000	-0.0629000000000000	0.0112500000000000	500000	0.00485000000000000
-4	-0.0363000000000000	0.0109100000000000	500000	0.00444000000000000
-3.75000000000000	-0.0102000000000000	0.0106100000000000	500000	0.00411000000000000
-3.50000000000000	0.0167000000000000	0.0103600000000000	500000	0.00381000000000000
-3.25000000000000	0.0438000000000000	0.0101600000000000	500000	0.00354000000000000
-3	0.0703000000000000	0.00985000000000000	500000	0.00319000000000000
-2.75000000000000	0.0975000000000000	0.00965000000000000	500000	0.00296000000000000
-2.50000000000000	0.124300000000000	0.00942000000000000	500000	0.00275000000000000
-2.25000000000000	0.151000000000000	0.00915000000000000	500000	0.00254000000000000
-2	0.177400000000000	0.00887000000000000	500000	0.00238000000000000
-1.75000000000000	0.203700000000000	0.00859000000000000	500000	0.00228000000000000
-1.50000000000000	0.230300000000000	0.00838000000000000	500000	0.00221000000000000
-1.25000000000000	0.257100000000000	0.00820000000000000	500000	0.00215000000000000
-1	0.283600000000000	0.00799000000000000	500000	0.00210000000000000
-0.750000000000000	0.309500000000000	0.00774000000000000	500000	0.00206000000000000
-0.500000000000000	0.333800000000000	0.00732000000000000	500000	0.00205000000000000
-0.250000000000000	0.355100000000000	0.00684000000000000	500000	0.00209000000000000
0	0.376000000000000	0.00652000000000000	500000	0.00219000000000000
0.250000000000000	0.410700000000000	0.00654000000000000	500000	0.00224000000000000
0.500000000000000	0.453400000000000	0.00663000000000000	500000	0.00225000000000000
0.750000000000000	0.506500000000000	0.00669000000000000	500000	0.00224000000000000
1	0.543900000000000	0.00675000000000000	500000	0.00222000000000000
1.25000000000000	0.568700000000000	0.00682000000000000	500000	0.00222000000000000
1.50000000000000	0.593400000000000	0.00691000000000000	500000	0.00222000000000000
1.75000000000000	0.618000000000000	0.00699000000000000	500000	0.00225000000000000
2	0.642600000000000	0.00708000000000000	500000	0.00228000000000000
2.25000000000000	0.667000000000000	0.00719000000000000	500000	0.00232000000000000
2.50000000000000	0.691200000000000	0.00732000000000000	500000	0.00237000000000000
2.75000000000000	0.715100000000000	0.00746000000000000	500000	0.00244000000000000
3	0.738900000000000	0.00761000000000000	500000	0.00251000000000000
3.25000000000000	0.762400000000000	0.00779000000000000	500000	0.00261000000000000
3.50000000000000	0.785700000000000	0.00799000000000000	500000	0.00271000000000000
3.75000000000000	0.809000000000000	0.00820000000000000	500000	0.00284000000000000
4	0.831500000000000	0.00848000000000000	500000	0.00299000000000000
4.25000000000000	0.853600000000000	0.00880000000000000	500000	0.00315000000000000
4.50000000000000	0.875700000000000	0.00914000000000000	500000	0.00334000000000000
4.75000000000000	0.898700000000000	0.00945000000000000	500000	0.00355000000000000
5	0.922000000000000	0.00976000000000000	500000	0.00376000000000000
5.25000000000000	0.945700000000000	0.0100400000000000	500000	0.00398000000000000
5.50000000000000	0.969700000000000	0.0103200000000000	500000	0.00421000000000000
5.75000000000000	0.994000000000000	0.0105700000000000	500000	0.00444000000000000
6	1.01850000000000	0.0108200000000000	500000	0.00468000000000000
6.25000000000000	1.04260000000000	0.0110800000000000	500000	0.00492000000000000
6.50000000000000	1.06710000000000	0.0113200000000000	500000	0.00517000000000000
6.75000000000000	1.09100000000000	0.0116000000000000	500000	0.00543000000000000
7	1.11550000000000	0.0118300000000000	500000	0.00567000000000000
7.25000000000000	1.13880000000000	0.0121200000000000	500000	0.00594000000000000
7.50000000000000	1.16270000000000	0.0123800000000000	500000	0.00619000000000000
7.75000000000000	1.18660000000000	0.0126300000000000	500000	0.00644000000000000
8	1.20960000000000	0.0129300000000000	500000	0.00672000000000000
8.25000000000000	1.23170000000000	0.0132800000000000	500000	0.00703000000000000
8.50000000000000	1.25200000000000	0.0137500000000000	500000	0.00740000000000000
8.75000000000000	1.26910000000000	0.0144200000000000	500000	0.00789000000000000
9	1.28470000000000	0.0151900000000000	500000	0.00850000000000000
9.25000000000000	1.29990000000000	0.0159400000000000	500000	0.00914000000000000
9.50000000000000	1.31500000000000	0.0165900000000000	500000	0.00973000000000000
9.75000000000000	1.32990000000000	0.0172600000000000	500000	0.0103500000000000
10	1.34470000000000	0.0179400000000000	500000	0.0109900000000000
10.2500000000000	1.36020000000000	0.0185800000000000	500000	0.0116300000000000
10.5000000000000	1.37470000000000	0.0192900000000000	500000	0.0123200000000000
10.7500000000000	1.38680000000000	0.0201600000000000	500000	0.0131200000000000
11	1.39170000000000	0.0215300000000000	500000	0.0142900000000000
11.2500000000000	1.39230000000000	0.0232400000000000	500000	0.0158700000000000
11.5000000000000	1.39980000000000	0.0245200000000000	500000	0.0172000000000000
11.7500000000000	1.40790000000000	0.0258100000000000	500000	0.0185700000000000
12	1.41630000000000	0.0271100000000000	500000	0.0199700000000000
12.2500000000000	1.42230000000000	0.0286500000000000	500000	0.0215900000000000
12.5000000000000	1.42510000000000	0.0305000000000000	500000	0.0235300000000000
12.7500000000000	1.42370000000000	0.0328200000000000	500000	0.0259500000000000
13	1.42870000000000	0.0346400000000000	500000	0.0278900000000000
13.2500000000000	1.43170000000000	0.0367300000000000	500000	0.0300800000000000
13.5000000000000	1.43290000000000	0.0390700000000000	500000	0.0325400000000000
13.7500000000000	1.43230000000000	0.0416700000000000	500000	0.0352400000000000
14	1.43030000000000	0.0445200000000000	500000	0.0382000000000000
14.2500000000000	1.42690000000000	0.0476300000000000	500000	0.0414100000000000
14.5000000000000	1.42200000000000	0.0510300000000000	500000	0.0449200000000000
14.7500000000000	1.41530000000000	0.0548100000000000	500000	0.0487900000000000
15	1.40660000000000	0.0589700000000000	500000	0.0530600000000000
15.2500000000000	1.39590000000000	0.0634900000000000	500000	0.0576800000000000
15.5000000000000	1.38320000000000	0.0683800000000000	500000	0.0626800000000000
15.7500000000000	1.37300000000000	0.0730200000000000	500000	0.0674200000000000
16	1.37000000000000	0.0769000000000000	500000	0.0714100000000000
16.2500000000000	1.36620000000000	0.0809500000000000	500000	0.0755700000000000
16.5000000000000	1.36150000000000	0.0851700000000000	500000	0.0799000000000000
16.7500000000000	1.35640000000000	0.0894800000000000	500000	0.0843100000000000
17	1.35100000000000	0.0938200000000000	500000	0.0887600000000000
14.7500000000000	-0.315600000000000	0.144640000000000	1000000	0.142980000000000
14.5000000000000	-1.02480000000000	0.0360500000000000	1000000	0.0333300000000000
14.2500000000000	-1.03710000000000	0.0328400000000000	1000000	0.0299900000000000
14	-1.03470000000000	0.0316600000000000	1000000	0.0287700000000000
13.7500000000000	-1.02140000000000	0.0311700000000000	1000000	0.0282800000000000
13.5000000000000	-1.00700000000000	0.0309000000000000	1000000	0.0280100000000000
13.2500000000000	-0.994800000000000	0.0305900000000000	1000000	0.0276900000000000
13	-0.984700000000000	0.0302700000000000	1000000	0.0273500000000000
12.7500000000000	-0.977100000000000	0.0298700000000000	1000000	0.0269100000000000
12.5000000000000	-0.963500000000000	0.0293000000000000	1000000	0.0262800000000000
12.2500000000000	-0.934700000000000	0.0284500000000000	1000000	0.0253300000000000
12	-0.904500000000000	0.0278100000000000	1000000	0.0245800000000000
11.7500000000000	-0.880000000000000	0.0258400000000000	1000000	0.0223700000000000
11.5000000000000	-0.852200000000000	0.0247500000000000	1000000	0.0212200000000000
11.2500000000000	-0.821800000000000	0.0245500000000000	1000000	0.0210300000000000
11	-0.789900000000000	0.0244400000000000	1000000	0.0209300000000000
10.7500000000000	-0.757900000000000	0.0241600000000000	1000000	0.0206200000000000
10.5000000000000	-0.726100000000000	0.0236400000000000	1000000	0.0200300000000000
10.2500000000000	-0.694600000000000	0.0228000000000000	1000000	0.0190700000000000
10	-0.662800000000000	0.0220900000000000	1000000	0.0182300000000000
-9.75000000000000	-0.634800000000000	0.0218800000000000	1000000	0.0179300000000000
-9.50000000000000	-0.613800000000000	0.0194200000000000	1000000	0.0152100000000000
-9.25000000000000	-0.585300000000000	0.0187200000000000	1000000	0.0144900000000000
-9	-0.560200000000000	0.0182300000000000	1000000	0.0139500000000000
-8.75000000000000	-0.534800000000000	0.0177900000000000	1000000	0.0134500000000000
-8.50000000000000	-0.508900000000000	0.0173300000000000	1000000	0.0129400000000000
-8.25000000000000	-0.485300000000000	0.0167800000000000	1000000	0.0122900000000000
-8	-0.460400000000000	0.0161500000000000	1000000	0.0115400000000000
-7.75000000000000	-0.435800000000000	0.0156900000000000	1000000	0.0110000000000000
-7.50000000000000	-0.409900000000000	0.0153700000000000	1000000	0.0105800000000000
-7.25000000000000	-0.384200000000000	0.0150000000000000	1000000	0.0101100000000000
-7	-0.359900000000000	0.0140600000000000	1000000	0.00901000000000000
-6.75000000000000	-0.336500000000000	0.0128300000000000	1000000	0.00769000000000000
-6.50000000000000	-0.311200000000000	0.0121900000000000	1000000	0.00697000000000000
-6.25000000000000	-0.285200000000000	0.0116900000000000	1000000	0.00643000000000000
-5.75000000000000	-0.232500000000000	0.0109000000000000	1000000	0.00553000000000000
-5.50000000000000	-0.205900000000000	0.0105700000000000	1000000	0.00512000000000000
-5.25000000000000	-0.179100000000000	0.0102600000000000	1000000	0.00476000000000000
-5	-0.152300000000000	0.00999000000000000	1000000	0.00443000000000000
-4.75000000000000	-0.125500000000000	0.00972000000000000	1000000	0.00409000000000000
-4.50000000000000	-0.0985000000000000	0.00947000000000000	1000000	0.00378000000000000
-4.25000000000000	-0.0714000000000000	0.00926000000000000	1000000	0.00350000000000000
-4	-0.0440000000000000	0.00908000000000000	1000000	0.00327000000000000
-3.75000000000000	-0.0175000000000000	0.00870000000000000	1000000	0.00281000000000000
-3.50000000000000	0.00960000000000000	0.00847000000000000	1000000	0.00252000000000000
-3.25000000000000	0.0371000000000000	0.00830000000000000	1000000	0.00232000000000000
-3	0.0645000000000000	0.00818000000000000	1000000	0.00214000000000000
-2.75000000000000	0.0922000000000000	0.00806000000000000	1000000	0.00199000000000000
-2.50000000000000	0.119800000000000	0.00796000000000000	1000000	0.00184000000000000
-2.25000000000000	0.147100000000000	0.00784000000000000	1000000	0.00170000000000000
-2	0.174700000000000	0.00767000000000000	1000000	0.00160000000000000
-1.75000000000000	0.202000000000000	0.00752000000000000	1000000	0.00151000000000000
-1.50000000000000	0.229300000000000	0.00737000000000000	1000000	0.00143000000000000
-1.25000000000000	0.256400000000000	0.00718000000000000	1000000	0.00137000000000000
-1	0.283300000000000	0.00701000000000000	1000000	0.00133000000000000
-0.750000000000000	0.310700000000000	0.00686000000000000	1000000	0.00131000000000000
-0.500000000000000	0.338000000000000	0.00677000000000000	1000000	0.00130000000000000
-0.250000000000000	0.365100000000000	0.00664000000000000	1000000	0.00128000000000000
0	0.391800000000000	0.00645000000000000	1000000	0.00128000000000000
0.250000000000000	0.417100000000000	0.00614000000000000	1000000	0.00130000000000000
0.500000000000000	0.440800000000000	0.00578000000000000	1000000	0.00134000000000000
0.750000000000000	0.463200000000000	0.00547000000000000	1000000	0.00141000000000000
1	0.486600000000000	0.00538000000000000	1000000	0.00150000000000000
1.25000000000000	0.520100000000000	0.00546000000000000	1000000	0.00157000000000000
1.50000000000000	0.560000000000000	0.00558000000000000	1000000	0.00162000000000000
1.75000000000000	0.602200000000000	0.00572000000000000	1000000	0.00167000000000000
2	0.646400000000000	0.00585000000000000	1000000	0.00171000000000000
2.25000000000000	0.670800000000000	0.00598000000000000	1000000	0.00176000000000000
2.50000000000000	0.694900000000000	0.00612000000000000	1000000	0.00182000000000000
2.75000000000000	0.718700000000000	0.00628000000000000	1000000	0.00189000000000000
3	0.742300000000000	0.00647000000000000	1000000	0.00198000000000000
3.25000000000000	0.765000000000000	0.00672000000000000	1000000	0.00209000000000000
3.50000000000000	0.787000000000000	0.00702000000000000	1000000	0.00223000000000000
3.75000000000000	0.809100000000000	0.00733000000000000	1000000	0.00238000000000000
4	0.832600000000000	0.00757000000000000	1000000	0.00252000000000000
4.25000000000000	0.856700000000000	0.00779000000000000	1000000	0.00267000000000000
4.50000000000000	0.881000000000000	0.00801000000000000	1000000	0.00282000000000000
4.75000000000000	0.906000000000000	0.00819000000000000	1000000	0.00296000000000000
5	0.931400000000000	0.00836000000000000	1000000	0.00311000000000000
5.25000000000000	0.957000000000000	0.00852000000000000	1000000	0.00325000000000000
5.50000000000000	0.982200000000000	0.00872000000000000	1000000	0.00342000000000000
5.75000000000000	1.00810000000000	0.00886000000000000	1000000	0.00357000000000000
6	1.03300000000000	0.00909000000000000	1000000	0.00375000000000000
6.25000000000000	1.05900000000000	0.00923000000000000	1000000	0.00390000000000000
6.50000000000000	1.08400000000000	0.00945000000000000	1000000	0.00408000000000000
6.75000000000000	1.10900000000000	0.00966000000000000	1000000	0.00426000000000000
7	1.13410000000000	0.00988000000000000	1000000	0.00445000000000000
7.25000000000000	1.15840000000000	0.0101400000000000	1000000	0.00466000000000000
7.50000000000000	1.18160000000000	0.0104800000000000	1000000	0.00491000000000000
7.75000000000000	1.20280000000000	0.0109700000000000	1000000	0.00525000000000000
8.25000000000000	1.24070000000000	0.0122400000000000	1000000	0.00619000000000000
8.50000000000000	1.26060000000000	0.0127900000000000	1000000	0.00663000000000000
8.75000000000000	1.28050000000000	0.0133300000000000	1000000	0.00708000000000000
9	1.30080000000000	0.0138100000000000	1000000	0.00752000000000000
9.25000000000000	1.32080000000000	0.0143000000000000	1000000	0.00796000000000000
9.50000000000000	1.34010000000000	0.0148100000000000	1000000	0.00841000000000000
9.75000000000000	1.35710000000000	0.0153900000000000	1000000	0.00893000000000000
10	1.36180000000000	0.0166400000000000	1000000	0.00992000000000000
10.2500000000000	1.37150000000000	0.0176100000000000	1000000	0.0108500000000000
10.5000000000000	1.38560000000000	0.0183100000000000	1000000	0.0115900000000000
10.7500000000000	1.40070000000000	0.0189700000000000	1000000	0.0123000000000000
11	1.41360000000000	0.0197600000000000	1000000	0.0131300000000000
11.2500000000000	1.42360000000000	0.0207700000000000	1000000	0.0142200000000000
11.5000000000000	1.43750000000000	0.0215400000000000	1000000	0.0150400000000000
11.7500000000000	1.45030000000000	0.0223900000000000	1000000	0.0159500000000000
12	1.46190000000000	0.0233500000000000	1000000	0.0169700000000000
12.2500000000000	1.47240000000000	0.0244100000000000	1000000	0.0180900000000000
12.5000000000000	1.48100000000000	0.0256500000000000	1000000	0.0193900000000000
12.7500000000000	1.48470000000000	0.0273300000000000	1000000	0.0211500000000000
13	1.48880000000000	0.0290300000000000	1000000	0.0229500000000000
13.2500000000000	1.49850000000000	0.0303300000000000	1000000	0.0243200000000000
13.5000000000000	1.50630000000000	0.0318500000000000	1000000	0.0259100000000000
13.7500000000000	1.51220000000000	0.0335600000000000	1000000	0.0277000000000000
14	1.51690000000000	0.0354600000000000	1000000	0.0296800000000000
14.2500000000000	1.52050000000000	0.0375300000000000	1000000	0.0318300000000000
14.5000000000000	1.52310000000000	0.0397500000000000	1000000	0.0341200000000000
14.7500000000000	1.52400000000000	0.0422200000000000	1000000	0.0366800000000000
15	1.52310000000000	0.0450000000000000	1000000	0.0395500000000000
15.2500000000000	1.51930000000000	0.0481900000000000	1000000	0.0428400000000000
15.5000000000000	1.51180000000000	0.0519800000000000	1000000	0.0467300000000000
15.7500000000000	1.50010000000000	0.0564700000000000	1000000	0.0513400000000000
16	1.48550000000000	0.0615100000000000	1000000	0.0565100000000000
16.2500000000000	1.47240000000000	0.0665600000000000	1000000	0.0616800000000000
16.5000000000000	1.46770000000000	0.0705900000000000	1000000	0.0658200000000000
16.7500000000000	1.46090000000000	0.0750000000000000	1000000	0.0703300000000000
17	1.45270000000000	0.0796700000000000	1000000	0.0751100000000000
17.2500000000000	1.44350000000000	0.0846300000000000	1000000	0.0801700000000000
17.5000000000000	1.43360000000000	0.0897500000000000	1000000	0.0854000000000000
17.7500000000000	1.42290000000000	0.0950400000000000	1000000	0.0907900000000000
18	1.41170000000000	0.100500000000000	1000000	0.0963500000000000